100 100
-15 96 8 -58 -67 -72 -94 -63 -46 9 -20 41 58 -65 -59 -50 66 -84 49 69 -61 99 8 66 33 72 2 70 57 77 1 28 -60 14 -47 67 -48 49 40 42 14 19 -26 45 78 -97 -93 -16 1 -68 67 -44 26 98 -93 94 -40 94 98 -31 -18 -51 -51 86 -51 -41 -6 -93 -78 -42 -7 0 72 27 13 29 -62 60 94 -50 100 -86 -35 75 -60 50 86 -16 -9 81 -80 -7 63 -97 55 69 -4 -53 3 -11 
61 7 -25 96 33 87 -76 -10 81 27 -33 -87 51 -72 -85 26 -3 -8 53 52 6 -11 -72 -47 70 -87 -78 -23 -37 47 -14 78 39 -40 -74 1 34 41 51 -93 -51 16 30 64 -55 12 -19 -5 20 -24 -25 -20 34 34 1 -90 100 -78 -9 26 65 12 42 -97 35 65 0 -52 93 25 56 50 -31 15 -36 -16 11 -93 -67 47 -92 93 46 82 11 -4 96 -83 -52 1 -40 86 81 -87 74 11 -16 -35 -46 47 
38 79 -72 -41 -66 -56 -18 -47 70 13 -34 21 -14 23 76 73 -44 70 -42 100 -11 -41 43 80 -90 9 -9 8 33 52 -95 -44 -67 14 10 64 -100 69 71 -34 -14 2 -85 38 -49 -79 -2 55 48 48 79 -69 40 -98 46 -66 -87 66 81 78 95 -58 -45 88 52 -54 -1 76 54 22 93 -35 -33 7 -96 67 -80 91 99 58 76 -5 -58 -1 88 -82 -95 -86 79 -40 -2 -9 -100 57 -27 89 13 79 12 96 
19 97 70 -15 86 -82 67 13 2 21 -98 55 -78 -94 34 -47 -72 -13 -33 -13 -29 82 -41 88 -52 -7 -39 38 7 -10 -90 11 -87 41 -1 93 -32 -74 100 73 -37 -14 -8 93 -75 70 81 94 96 77 61 89 7 16 53 -86 100 99 -48 -65 -54 27 -35 -4 79 77 19 -82 -58 76 -24 41 -50 -9 -63 -81 -94 -27 100 41 10 68 9 -47 -77 46 -9 77 -54 16 -69 66 -15 97 5 85 5 56 -85 -65 
-31 95 12 -48 -54 -55 -88 -32 25 30 88 -32 90 55 -49 -88 43 -94 17 -85 -91 -35 -85 -79 49 32 -4 -51 -83 21 97 96 90 -8 20 -82 -10 96 -23 72 -20 -18 -34 -19 -15 81 -95 -88 -100 -86 84 -78 64 -2 -98 -11 -97 -10 -39 -27 -48 -93 -38 -15 61 13 -50 -43 -21 -99 27 16 -28 -5 65 -91 12 13 -69 100 -22 74 -30 -3 77 -89 -19 68 -28 72 90 -29 73 -56 46 -78 86 -77 6 17 
24 -15 44 -27 -81 67 26 22 92 -84 -79 12 28 -77 14 37 88 54 21 35 -75 7 -39 -19 43 -19 -66 -94 15 -81 -66 -68 -14 12 52 -5 86 -96 -97 22 -95 10 -43 50 51 -98 92 27 40 10 39 -9 6 -59 -72 -98 -42 51 34 -41 -35 16 -31 60 -8 -13 13 21 33 -70 -94 76 96 50 -91 -94 -99 -17 12 -50 -48 13 -1 60 5 -4 -86 -84 -12 -17 -29 -10 -7 61 -91 -23 -59 -25 -19 58 
-92 -71 -60 -71 -3 59 48 68 0 55 -46 -28 41 35 9 -48 -64 64 -24 -48 25 61 -72 36 60 97 -5 -68 5 -29 69 97 83 -54 -33 -8 1 2 -59 -45 -16 28 14 62 87 2 -44 11 -45 32 -46 32 67 -37 54 -81 8 -90 76 -8 -8 -55 3 -18 12 92 66 -10 -9 -53 25 74 -72 24 92 45 64 -41 38 28 -21 -73 52 1 97 -22 -47 98 -23 -87 63 -9 13 -96 -47 27 0 53 11 53 
-89 15 68 -3 22 97 27 54 4 -78 59 -35 -52 -4 66 73 54 -56 48 61 66 -74 98 -15 -38 -24 30 -55 100 63 87 -79 88 -93 73 -23 -33 89 49 6 83 -81 21 -70 44 10 -10 69 34 -93 -97 -90 3 -40 51 -78 -72 62 40 -42 -59 -73 -35 -40 52 18 -66 26 77 -41 -82 92 59 -43 59 56 85 -38 -75 88 -63 80 60 72 -7 12 -82 -98 -65 99 -26 -10 -8 91 25 -13 -20 28 -4 -13 
50 76 60 -15 -25 -9 56 -13 8 20 -43 53 -96 -23 94 3 95 -60 99 69 29 -69 27 -40 81 17 -35 94 33 -60 93 12 2 -9 40 -23 41 42 15 -56 94 75 28 -78 -25 -27 -53 12 -19 66 68 25 4 59 13 36 -50 98 73 -26 50 -23 -25 93 17 23 -10 100 -63 8 24 36 27 71 54 -68 -34 78 -79 -6 33 -53 70 -67 68 -67 -90 -81 -46 -2 77 -95 48 -92 -69 -34 86 -83 45 24 
-8 -49 66 -48 96 25 -3 46 52 -56 67 5 -27 31 -28 -13 42 -41 -41 -46 63 -54 91 -81 -35 -78 -28 15 -34 48 -94 63 -25 -49 75 -87 79 -14 -5 -6 14 -71 -95 27 16 5 9 7 65 -28 -21 -59 -4 90 34 72 -14 -69 22 -51 96 99 -27 -71 25 35 -52 -74 27 -38 19 28 96 -15 76 94 -67 -84 91 68 77 -45 -58 71 79 45 -28 54 70 -81 68 -99 -43 30 -59 97 -60 84 -11 -96 
-36 26 78 67 96 73 39 39 -62 96 -8 99 20 6 70 -47 63 -82 24 -28 -2 -55 41 -21 -16 -92 85 52 -77 87 96 67 56 98 -24 -70 44 24 81 86 32 -42 -28 -49 -29 25 68 1 14 84 -42 22 99 -2 66 -70 -64 -65 -91 -11 -58 -43 18 52 -62 -29 -85 18 3 -42 9 98 15 -43 -88 92 -24 -61 74 -94 85 12 -8 27 -98 63 1 -44 32 18 -82 -6 7 98 -43 27 -53 -100 74 18 
-52 77 60 -95 62 56 -71 -32 58 17 33 68 -10 41 -6 48 -18 90 89 37 49 -23 -43 31 82 98 90 -72 75 78 -81 -27 97 63 -61 92 55 26 7 94 54 -53 -11 -35 -25 63 33 -43 83 -5 -62 5 -31 19 -59 -5 55 63 23 -17 27 -82 -95 -37 -70 -95 9 -22 19 15 77 -4 -52 69 -17 20 -71 -62 -53 -62 22 27 -70 -48 11 -67 -9 52 -44 -17 -97 -92 -66 -32 69 -84 -99 -6 99 85 
40 -30 -45 12 97 -31 -62 34 98 -3 75 16 -39 19 43 -22 -28 -77 -1 -85 81 -16 37 71 -60 -2 37 9 32 -87 51 -91 -90 16 50 -61 84 98 -72 -68 18 -32 65 52 17 -47 -14 -2 -56 31 30 80 17 73 65 2 -76 57 70 74 -47 63 -4 19 83 9 78 32 57 58 82 47 94 62 -73 65 -96 37 -52 64 -87 86 -96 42 -21 67 -12 -79 29 -66 -59 -68 20 -46 34 82 -78 27 35 9 
-84 42 41 -72 -22 74 10 -46 68 -64 -7 63 -83 -65 3 59 -83 32 86 37 56 -57 -68 76 43 43 -25 74 14 19 -63 -14 -99 3 -1 -35 -35 -47 -29 -29 94 -20 -30 -7 -43 -28 -90 91 66 81 22 66 60 2 42 -5 -6 61 -58 -18 -68 98 67 96 55 36 -71 92 -13 59 -38 -33 89 -53 -42 84 -32 -10 -79 62 -92 64 63 82 -36 56 92 75 -25 22 42 77 81 -42 -91 -86 -75 48 -14 -47 
-3 5 -22 2 -85 -97 50 -34 -42 48 -53 -80 57 -18 57 -28 84 78 -12 -57 56 93 -100 -49 -48 -38 -71 15 -12 92 83 -65 62 65 -85 16 86 -66 72 -45 -46 -32 -4 -67 55 84 82 78 -38 8 -90 75 4 18 37 94 -20 -69 41 -26 42 34 69 -96 -54 53 -65 -24 9 -83 21 7 -24 -78 75 -83 6 50 91 95 -5 -3 33 -39 -91 -6 -36 -10 -64 55 2 42 71 -34 56 -3 29 38 -21 -50 
44 -20 -7 72 57 -67 -49 -50 -25 -42 24 35 54 -21 -49 -80 -11 97 38 90 -34 70 30 98 5 -25 -16 -9 13 -10 19 5 99 -64 -38 31 29 -21 9 -96 59 67 -45 -68 100 -22 82 -83 -78 -50 -15 48 71 -43 -86 -59 -85 -82 67 -40 19 -58 -45 -40 57 92 74 -68 76 -96 22 24 24 33 44 -97 -47 -21 88 14 40 -4 54 -47 85 -94 97 34 73 -34 -91 40 18 -93 -95 -9 69 -55 70 -42 
-37 -74 51 21 69 -15 10 83 40 -73 72 -11 57 59 60 -71 43 73 -32 100 -13 -53 1 50 -66 57 57 -57 -64 -93 -48 9 91 -97 93 -33 -49 41 -56 -16 -89 -11 46 42 72 -17 15 -70 2 67 71 46 57 -4 74 43 -84 28 -80 -41 -36 18 -88 50 -14 -33 83 -36 7 -74 46 -36 63 83 -33 17 76 49 87 -5 -86 11 -38 27 -84 78 79 72 -2 -47 -28 32 60 23 -64 14 34 54 25 38 
35 50 39 37 -73 4 64 -53 35 64 -33 4 -12 -58 60 -88 -35 -25 -78 -95 38 -56 -91 -20 14 72 7 71 -31 7 -35 42 -56 -42 -72 -40 32 -95 74 -70 -26 -3 81 -45 -58 20 -4 84 -84 -21 67 60 64 -72 88 61 -34 72 -97 72 -86 -46 60 70 -56 46 -15 -7 -23 26 42 -98 -68 -92 -98 -53 67 14 -16 -37 32 -68 60 -12 -6 12 59 7 82 23 43 67 -72 -86 -95 31 -31 -59 -29 -90 
32 53 67 -2 -76 46 95 100 -16 -54 90 -94 66 48 11 -19 -21 13 66 -44 -32 -23 -48 44 -61 -13 -63 6 -42 58 100 -64 70 44 67 -96 -90 -78 -88 36 -75 9 -43 30 52 -59 43 54 91 -44 67 53 87 -12 -20 -68 -45 36 -71 -43 4 23 -60 -45 -9 39 93 -81 52 60 -37 -35 -22 10 -41 -46 20 -99 84 31 -14 -54 -25 43 34 -89 -51 -97 92 0 -100 -50 36 -79 -31 -83 -25 66 -10 -52 
-18 49 -20 -91 30 -11 24 -75 -16 90 -67 82 36 80 -28 56 -17 -9 15 -53 79 -12 79 -68 -97 -83 -36 98 46 -44 -67 -24 -13 83 -30 -32 -31 22 62 20 -90 16 -91 74 -28 -21 51 -66 20 29 16 93 -89 -59 -3 -90 36 27 -92 -60 -44 36 37 3 -100 -31 52 17 -50 10 10 -47 -97 -26 27 -3 -12 -77 -10 62 -85 17 -12 -20 56 -4 -68 -25 -93 -13 -42 62 19 -16 -92 -23 -33 93 44 83 
45 82 33 8 -2 -42 76 -87 -39 -73 81 -87 -44 65 55 62 -88 80 61 -21 -3 7 19 -15 17 -90 85 11 -17 -69 -75 -7 -26 27 -56 -54 -7 49 -19 -37 -67 97 5 -37 95 9 36 -53 72 88 -57 93 -66 26 -29 22 -11 -58 30 -66 -71 38 -8 46 76 45 96 51 -83 -97 -46 43 -69 -11 10 -25 58 -18 -80 -95 47 -86 -4 33 -57 34 -99 90 79 -22 -10 -88 28 50 -47 -30 99 62 79 30 
60 -47 -9 -5 18 -7 -42 -42 -33 -97 -33 -26 8 -4 -45 -100 92 -99 10 25 -56 32 -13 10 -64 26 60 -15 22 -72 76 -29 -58 33 15 -80 31 78 -12 -3 -40 64 -22 84 -50 -86 69 50 20 87 21 2 -29 79 52 -60 53 -43 16 33 86 -95 86 -59 94 -69 13 -53 13 47 -66 70 55 -27 46 -60 -21 79 77 -82 37 -71 -44 -37 92 11 21 76 -73 -82 -31 -10 2 27 -2 51 52 10 -5 61 
72 -24 -57 -15 -33 44 -42 -18 -85 -5 -90 -30 42 39 -96 99 -87 -41 53 -41 -38 -8 65 -46 97 87 89 -50 -20 -9 -89 29 -49 -79 34 8 71 -32 28 -44 99 5 9 -65 -99 -39 -15 20 99 64 77 98 -11 -9 68 67 -21 10 -42 -34 -98 15 47 -96 -50 100 28 37 57 -95 -69 43 69 12 -45 -82 32 -64 18 31 -41 63 59 30 2 -61 25 -42 -9 -82 55 -84 -63 -31 71 -29 6 56 82 -35 
-32 -76 -86 -60 -45 -18 -85 72 5 -55 -62 -6 7 46 -53 -7 -53 92 0 -17 -1 -11 -40 -32 97 -15 -99 24 -7 96 86 -97 -60 29 74 100 2 -22 3 -57 5 18 86 42 27 17 78 -84 -56 47 -57 75 16 82 55 74 -70 58 0 -52 25 -50 92 68 -70 28 -10 -43 21 -10 -57 -80 -18 22 44 -63 -45 -90 -64 71 -88 61 21 -47 -74 25 37 97 -21 44 -75 -88 -23 83 18 43 74 36 22 -96 
-4 70 -57 28 -55 -76 92 7 59 67 44 48 -52 -9 43 -91 2 -81 91 39 40 29 -1 83 44 40 34 -66 58 -24 -51 0 -2 -88 72 -7 -6 60 -41 -82 -64 41 32 7 -85 20 16 83 43 -69 -45 -74 60 -14 -2 48 46 -24 75 -4 78 52 -67 -12 52 -45 -26 -48 42 46 -73 58 60 -3 36 31 -47 -65 -65 33 -71 -53 27 -40 16 71 -79 2 25 31 -93 -60 36 5 49 -25 70 47 21 -5 
-75 65 34 75 88 -99 100 50 -50 -30 93 -87 90 23 0 89 14 -16 -16 -24 -33 -34 82 -93 24 -94 -2 -66 52 67 -72 97 -62 -9 78 -10 76 78 -66 -75 -91 17 -15 -16 1 -85 54 32 39 -79 98 75 55 -87 -62 23 89 -18 31 82 47 74 23 -30 -67 -83 7 86 -54 -14 88 -68 -75 62 66 26 11 -12 -33 -21 -78 -39 22 -63 61 76 18 -51 77 78 70 31 4 19 -37 1 -4 93 51 22 
-44 55 2 -91 -46 -63 25 -73 -12 -63 -91 78 55 -58 38 -57 73 -65 -11 -46 -30 -26 -16 30 25 -81 0 15 -43 97 37 -15 -80 -87 -85 -22 73 -1 -17 -30 86 63 -41 34 99 -46 -5 -3 49 -75 69 95 -22 49 46 -9 69 -1 75 -77 86 63 32 43 38 98 82 -87 -19 -96 84 -30 84 54 -72 70 -10 31 13 -100 22 61 49 48 60 -53 44 -20 -86 26 56 90 -41 39 -97 -56 21 68 12 -35 
-62 -97 -9 -11 29 -65 60 82 -37 -36 60 33 49 32 63 43 -35 -100 41 -26 -77 41 -26 58 95 -9 41 -79 52 85 88 -3 -68 73 42 69 -59 31 66 27 29 -20 -69 -72 43 23 -34 24 68 -26 10 26 -12 91 10 -81 20 -24 52 -55 -28 8 84 5 -68 6 -10 -5 -57 23 84 -36 -9 74 77 74 66 -48 90 79 -23 -11 35 -6 52 18 39 -72 46 -38 -65 -32 -47 55 71 62 -51 37 -50 57 
-47 20 -6 47 -88 91 -74 -71 4 -99 52 65 65 45 100 35 36 27 -92 -18 64 42 14 3 35 14 53 61 -71 88 -96 62 90 -100 -24 -84 -62 3 24 -92 -38 66 -72 -91 -98 96 -34 54 13 -7 30 -11 -39 -65 0 -66 -37 5 -64 -70 -74 34 87 -37 72 -19 94 -70 -22 -25 64 86 -18 -69 31 -54 -39 6 65 -61 -64 -84 -8 62 62 14 -86 17 -74 -74 58 25 59 -32 -77 -6 27 74 41 -33 
89 53 66 23 -7 -68 80 17 82 86 98 -40 86 75 -25 95 89 19 -15 -53 77 -74 50 -59 41 63 17 23 -96 73 58 -16 -19 23 3 -18 65 87 -5 3 79 63 -15 -88 -35 -85 -37 -26 25 74 -38 27 -1 2 -90 -47 47 39 -23 -15 -88 1 62 -54 94 -75 31 -91 24 21 49 -29 -53 37 65 -90 79 -23 100 -85 -72 48 -87 -72 -3 70 79 24 -10 -37 87 75 67 -29 8 56 91 16 -39 44 
-48 -91 7 -28 -74 -25 12 85 16 -80 99 -70 -16 -72 -36 1 -80 -31 -86 -34 -68 10 4 -54 56 93 -10 22 -84 -76 93 -4 41 -8 58 -41 30 77 -48 -14 -35 60 44 47 30 90 -40 49 -87 24 -88 -99 16 3 -45 80 -16 -47 10 -38 -35 74 9 74 -46 -25 74 -20 -87 -43 -3 -25 -75 -68 -64 -81 74 43 -44 24 -37 -19 -48 30 9 0 -2 -11 66 -50 43 50 -8 -50 -84 -23 -66 45 97 6 
36 90 80 -28 17 78 80 71 -91 47 27 -99 23 70 -13 12 35 1 44 93 47 -54 -78 71 -81 -36 34 -40 -14 -4 98 -18 -48 56 82 39 -19 76 35 41 13 -18 55 87 -96 -43 -32 -48 30 11 34 -38 -16 43 -75 -26 98 -75 -57 71 -57 -10 61 25 -27 -26 -55 68 -69 -9 -59 59 71 -93 -67 -98 -81 90 14 -41 13 -55 -8 -63 -13 -14 -62 73 -93 -16 94 97 60 -69 -55 -1 30 -92 -71 54 
-69 -82 18 3 54 8 51 8 -28 12 61 -31 -89 3 57 -71 87 -33 64 -92 -94 4 -77 9 -38 16 -15 37 -10 -57 46 41 -5 -66 77 45 64 52 86 61 65 17 -55 -19 -72 -84 100 4 -41 -64 89 4 41 83 17 50 94 -94 42 -15 -18 28 -25 11 -66 47 -54 -49 -32 -87 -55 17 -57 9 44 -17 -50 -19 -24 -6 57 72 27 8 51 17 -47 28 58 -3 -68 -28 -45 93 80 -54 53 -55 95 48 
16 16 -84 25 -52 -23 33 50 34 38 62 75 14 73 -8 4 2 12 -65 -19 91 -86 -61 -94 -53 62 -42 -30 89 52 -71 75 -72 -66 34 89 -82 83 93 82 -11 -19 34 68 -63 -50 45 65 -43 86 54 -80 -70 59 98 35 49 -17 68 -30 -4 100 26 36 -12 -26 32 28 9 94 79 -20 -9 82 -100 -3 -66 -34 4 50 -78 56 99 -56 14 75 -62 -15 -85 -11 -47 -32 96 -32 36 49 -64 -60 1 -3 
92 -54 15 88 83 -84 -54 73 -79 -48 -25 32 52 -35 -80 46 -65 -71 15 -70 -43 -45 -58 98 -63 -24 80 -17 7 33 24 2 -67 -12 -36 13 4 6 -11 73 80 -75 -46 46 -41 91 -26 -6 -69 10 71 -28 -49 -68 -10 91 46 -50 -76 3 3 57 52 52 82 -95 1 19 54 93 54 -59 88 -53 12 -67 21 -56 66 21 -6 87 -76 -48 -55 32 96 -80 91 64 12 -3 -21 83 27 -92 -98 0 -61 2 
-83 -12 24 -37 90 -100 -82 -100 26 -23 -80 -12 53 -40 7 -37 49 39 1 -15 -76 99 -81 7 -73 20 -51 76 56 -77 -66 -10 92 87 -59 65 -75 29 28 -46 95 -87 -49 7 -60 -100 -100 61 -2 48 51 -19 67 88 -7 49 99 81 -88 -18 76 5 -20 -87 64 3 4 18 -14 87 29 -82 37 -13 -32 -87 -15 -35 -34 26 -84 13 -38 59 94 -46 -68 -67 -80 17 -37 56 -91 -62 -27 81 -67 27 -51 7 
55 -95 -14 -50 -99 -53 94 84 82 36 81 -36 -93 -49 12 88 24 -23 -66 -74 -38 94 -44 48 -13 41 -57 -3 34 -41 -72 77 2 97 52 -96 45 95 -39 90 8 18 -18 97 48 5 1 88 -38 -47 43 -76 -71 65 -11 -14 -4 46 -38 -50 -91 15 -63 72 -99 16 66 56 -15 98 89 100 -90 98 90 26 82 39 -60 -88 96 -81 -91 28 -44 81 -71 -16 -27 93 40 49 31 75 -66 9 28 -38 92 97 
61 69 46 -88 91 87 -47 93 27 -54 -83 -91 66 45 -90 56 -97 48 18 7 51 -93 45 67 -40 -5 -46 -66 93 62 53 -90 62 11 -74 -93 -30 98 56 -68 -81 24 -96 -40 0 -79 4 15 -55 61 -39 20 -31 84 87 -1 35 35 57 -8 -15 -15 -47 -77 58 -91 40 88 -7 34 -78 -12 90 -50 68 55 -31 10 53 74 36 15 41 85 19 -21 63 64 34 41 -6 -56 -3 -41 -43 -44 -39 96 64 39 
-35 96 62 31 19 100 74 100 81 34 -29 15 -31 -42 44 28 18 10 -4 -59 94 70 -41 -49 27 -93 -11 48 -39 70 78 46 79 -45 82 -96 23 -37 -42 -38 -94 24 89 99 -90 -14 69 -75 22 56 -79 -49 -94 -31 -35 -81 83 -70 95 57 -35 -94 99 25 -12 -33 -13 -30 -74 -100 -53 55 99 97 -96 20 55 41 73 -58 66 50 -92 -26 -96 12 76 83 -62 5 35 7 1 -60 76 39 -2 -63 -42 -34 
91 83 34 -41 31 33 -56 65 63 92 -16 98 81 -21 -60 100 -90 82 -4 -3 24 8 20 68 91 -54 -2 -70 -42 33 50 10 25 -94 18 -42 -31 -34 -36 -27 31 -48 -31 -14 67 42 -52 10 -14 -51 74 -52 65 81 60 39 -83 -84 89 63 -17 -90 -7 100 69 -59 13 31 63 78 -90 -31 55 -24 90 57 -13 -68 97 27 -2 -63 -68 68 -13 -6 -64 -44 86 24 2 9 -27 57 59 -24 -40 -89 -61 92 
-54 -83 1 -29 -76 28 14 76 12 76 44 76 -37 5 90 78 18 -56 -85 -47 -84 33 -69 -16 67 11 -3 60 -60 -42 -91 -36 72 39 94 7 69 74 47 9 -57 -93 76 -96 47 82 91 -36 -37 26 46 49 -67 -34 37 -87 -63 -13 74 55 81 90 60 96 1 7 68 -98 83 60 17 70 44 -3 -96 41 -62 -100 -85 -76 72 74 2 -90 8 14 0 -86 -45 -2 -87 -42 -30 76 -81 -31 -93 59 70 -21 
24 65 -85 -39 -28 -63 -44 -47 78 -80 0 87 -7 45 -100 -21 -58 -9 56 63 -6 -31 -12 76 -65 -70 -88 34 -40 -38 3 -56 -72 -82 -26 42 63 -52 49 55 -12 -79 66 46 71 -80 40 -89 -65 -50 23 4 -43 -43 -7 -24 75 63 84 1 -32 72 4 -44 41 -76 -63 32 -52 72 -72 1 -55 -70 -66 66 -74 -94 94 -91 -49 -96 -82 72 -43 -96 -43 25 -54 -22 89 24 5 12 21 83 -54 2 -40 22 
-99 97 27 -93 55 -13 -26 30 -23 74 -19 24 -83 -5 -30 81 63 40 -38 -62 83 52 80 58 -2 -38 63 43 82 -94 -87 53 74 -75 -33 -11 57 -97 30 90 73 -21 91 79 80 59 -59 33 5 55 -29 -1 15 -70 -42 -8 -85 -38 -22 14 57 38 -69 69 -43 47 -81 -61 -37 90 56 51 54 60 -82 63 -23 -58 -85 -41 -6 74 -46 -89 38 68 -3 -95 -76 29 51 14 -14 -60 -50 7 70 46 89 -33 
93 -6 11 -49 -36 -98 63 38 10 -100 81 1 -75 20 98 92 -12 100 20 60 75 43 49 -14 54 22 -88 -86 -57 72 14 88 45 -31 -15 5 -27 -22 41 29 -21 -91 8 7 -67 62 46 -90 2 100 -26 -45 -51 78 82 0 80 -95 -77 43 -25 29 -9 7 73 67 91 -62 -52 86 -1 -11 -45 -85 100 -57 4 -33 23 -24 -37 79 10 35 -37 51 -66 -7 -68 25 -47 16 -73 -51 8 56 79 -82 -30 78 
62 98 70 82 83 -9 -42 -87 37 -40 78 -84 -97 -86 -52 -22 79 89 45 54 21 89 -23 -59 -18 46 -47 -37 -70 92 -26 -41 -37 93 2 -34 78 51 -38 -4 -49 -77 50 68 39 48 -1 -87 -8 100 49 3 39 -33 -85 29 -21 -73 -8 -42 -6 96 -73 86 59 63 5 -62 -24 -87 31 93 -60 67 -68 15 95 97 -4 59 95 -42 -64 -55 99 8 -43 74 20 -68 -91 -23 -77 -89 6 -72 69 -17 15 -72 
42 -4 -47 30 -91 45 32 29 40 95 26 -62 6 67 -1 49 5 86 86 -76 -100 12 13 -86 7 -11 -65 -30 72 -71 -39 -65 27 -84 17 -56 -24 -38 -58 46 -44 37 -68 23 95 3 -85 97 -64 15 31 -98 -30 21 -78 -14 39 -29 83 -86 33 -1 60 90 89 58 -58 -76 -7 1 -12 1 81 52 -10 -14 -58 24 -49 -67 69 72 31 -97 9 42 84 56 74 -94 -47 -100 -43 17 34 -8 37 -56 29 -9 
75 55 92 25 -27 -86 -49 -84 -23 43 99 -71 59 -72 -9 29 -4 -71 -35 77 62 71 30 -42 -73 -8 -12 26 21 -95 81 54 -93 54 -5 -22 91 -5 -99 10 -60 -99 -27 12 -37 14 -69 -9 76 72 -4 86 -21 -62 -61 76 92 -40 35 -17 8 89 65 -85 -42 60 1 95 -83 -77 71 53 58 -21 20 97 57 -82 -35 -37 -77 -61 -58 -11 -68 -52 -37 -98 -72 -67 75 80 31 2 59 3 80 43 -75 0 
11 -75 17 -81 93 8 67 -52 92 -93 -32 -49 -29 51 29 30 84 60 31 -10 70 3 -76 48 27 58 23 73 23 17 -93 82 -28 -82 41 38 -37 70 -92 73 -67 -14 -86 83 35 -35 33 50 52 -57 15 -56 -37 82 97 -58 -24 -46 87 57 34 50 -40 100 42 -68 -28 -26 52 81 29 -10 -46 -63 -15 32 17 41 -19 -22 100 46 28 -88 31 55 -4 -73 47 25 -70 55 -85 1 -49 -50 71 -7 31 56 
12 -67 90 89 -80 30 72 -90 -18 -81 86 -98 15 -73 61 -32 28 -41 36 16 69 -43 25 -82 -1 -36 -70 -38 -67 -80 64 -3 -10 -32 -61 55 9 58 -37 -76 48 54 21 -31 7 -67 -94 23 100 -94 -64 -78 -96 -68 65 -36 -43 -48 99 -38 -39 -83 100 -69 -74 29 81 32 -10 -63 -13 81 -24 32 -88 -11 -51 52 91 -96 28 8 -59 88 45 89 -24 99 -97 -3 38 50 -5 27 -86 16 29 -63 -73 -68 
57 -35 -22 -35 55 -22 26 -61 -12 28 -49 -31 81 -25 -36 44 10 -4 44 93 -100 -2 -56 73 3 70 -22 34 51 -56 20 -36 -81 26 21 -79 -42 43 -67 -72 -82 9 72 65 -12 -3 100 28 -27 -61 22 -27 62 16 65 -96 32 83 83 -41 83 22 96 83 -79 52 32 6 -5 54 -74 89 37 77 32 -22 21 76 56 -38 32 3 45 -65 -18 66 18 80 -77 84 95 -9 -85 72 -3 59 -13 -66 -60 25 
-20 65 -16 71 44 60 -25 86 32 -24 13 -44 -20 -100 -56 -27 -89 -40 -50 -53 98 10 -38 75 82 40 -36 87 10 55 41 -56 41 36 63 51 64 -94 -23 74 -30 -13 -38 6 -79 -49 -64 55 54 10 -71 31 -81 -5 -32 -52 91 79 -72 45 -51 -75 50 -89 -35 -60 52 -46 -45 61 89 -65 -45 0 31 45 62 4 -8 -50 56 53 -62 -33 -6 2 -17 -27 -15 31 62 -98 -100 -5 79 99 16 -3 81 93 
20 -86 -73 86 -99 22 -30 61 98 69 31 -80 -49 -68 24 -97 72 27 -35 9 -12 15 73 -94 -91 -31 64 91 36 -44 51 97 22 -100 -59 45 -65 90 -57 54 -52 65 -21 -86 -21 99 37 -67 95 -12 88 -93 62 95 23 95 2 77 35 -72 36 15 -30 37 34 29 50 79 -91 41 60 -75 -88 -32 -92 14 4 -44 34 75 -29 -74 -38 -62 -32 -19 44 -85 9 -48 -4 62 -34 47 25 77 -78 -71 -99 66 
-90 -74 -11 -23 3 60 9 18 -39 49 7 -53 -37 -46 -79 -64 -52 91 -24 63 64 -49 -98 -40 -100 -60 -74 -95 54 62 -31 39 -82 -18 84 -4 -52 18 -37 -51 -19 -12 66 -18 87 -27 12 -60 9 24 -50 79 41 85 34 65 40 55 75 46 -97 51 16 3 -20 83 -28 70 -34 -55 -70 -47 93 -90 49 53 31 77 73 -50 12 6 28 -90 14 -77 -68 -3 45 91 21 94 71 99 92 -30 -20 -87 -58 71 
-99 -44 -100 66 -19 53 47 89 64 66 -59 -93 46 91 -50 -21 -56 -17 -6 78 -33 70 -73 42 -23 63 -26 20 -32 39 -35 24 82 -9 0 -35 25 -27 33 -64 -74 53 8 -32 -41 73 -47 0 84 68 27 -51 30 -97 14 -74 -79 -1 56 30 -82 3 -47 90 26 75 51 -15 49 -76 -49 -58 -28 -42 -69 10 -35 46 75 76 47 -79 11 -76 -52 11 -78 -29 -73 -62 -88 53 59 96 79 -83 3 38 100 -86 
-11 -44 23 -86 11 -68 70 -66 89 96 6 -35 -15 69 52 -42 -92 -7 -22 14 -62 50 35 19 -80 -87 -66 10 -75 -35 -37 48 -38 -13 44 17 66 -39 11 2 14 -49 21 -56 67 12 -35 21 -60 80 -25 92 -91 85 29 46 58 18 -58 88 -16 -2 -44 89 -99 -95 -9 -99 24 -6 71 36 52 23 36 83 11 32 95 24 -16 -57 -37 -50 12 -71 87 22 -84 75 9 63 -21 -82 10 -96 -11 37 -57 81 
12 53 62 81 -92 -21 -53 -45 1 64 -85 44 27 85 -33 80 90 91 -64 44 52 78 50 -39 55 42 -26 -9 -73 15 1 -13 26 70 -55 -82 32 30 -41 -97 73 85 -100 61 42 -99 -5 -80 57 42 -6 -76 35 -32 -93 -39 46 -84 33 93 -82 -54 7 83 47 4 -58 80 97 -85 -36 -3 12 -16 -62 -10 79 -93 93 -96 18 29 -68 -85 14 -72 66 66 45 80 -51 23 -5 52 -41 -94 1 -80 7 -7 
-75 74 -57 -11 38 13 -77 7 -47 33 -92 -13 52 52 -26 90 -74 1 3 31 16 -67 63 -8 91 35 -53 90 -83 39 -82 70 -8 -73 -22 6 30 -92 9 13 -75 -50 69 -17 58 81 47 -29 11 -65 -8 -17 88 56 -81 -41 1 -66 -60 -10 -30 70 54 -73 -20 -13 47 95 19 -82 -99 12 21 61 -85 -49 24 -17 43 84 67 -9 2 34 -44 93 -22 -8 -95 63 -19 86 98 70 13 -84 -71 -29 -32 44 
7 -52 -43 46 -17 49 -41 -3 -6 -71 -72 66 -54 -50 -11 -98 -71 -38 -73 -24 73 -81 20 -52 11 39 -73 45 96 23 23 -41 -49 -86 76 10 -75 -68 48 33 -35 37 80 37 -29 14 20 -83 -20 -80 -57 -41 -41 -17 81 -2 64 51 -88 90 -53 -16 36 66 44 96 86 8 64 26 -10 -78 -10 95 82 17 -37 85 -3 -9 -21 -8 67 99 -73 62 27 -16 60 68 43 -51 -5 78 92 5 86 21 66 68 
34 -39 -29 84 -16 -87 -75 42 21 -5 -62 91 -53 100 -7 35 -43 -18 60 -13 61 -25 48 6 70 -99 -47 84 -80 -56 55 -14 66 69 44 -44 -82 98 -72 -5 19 16 -9 75 -10 -75 38 36 -50 89 74 19 -52 -3 51 -82 48 -98 -44 81 79 45 -8 -6 48 97 43 86 -53 -62 -69 58 -36 13 -5 -72 97 -93 -34 7 -32 43 33 -5 -78 63 47 34 -59 40 34 -58 97 -24 -8 20 25 -92 28 36 
-60 -88 -64 16 -56 74 -97 -88 53 49 -1 -26 -20 -16 -86 -14 -69 -42 73 45 -88 81 30 53 -93 75 -24 -71 1 58 30 31 60 41 36 27 84 -95 95 33 -97 35 20 68 -80 27 -40 -71 100 -72 -23 51 -36 -81 63 -80 -55 10 20 -94 25 5 35 70 -47 -91 27 -73 -70 12 98 48 -84 38 -68 32 -58 -72 -37 -75 -80 2 14 19 9 38 -75 -37 94 33 58 100 88 -39 -14 50 -17 27 19 19 
-13 -26 59 -78 22 -60 85 -72 36 79 18 38 18 -24 -7 -24 -2 35 -87 -63 -59 2 29 45 -56 18 92 -90 -95 90 10 61 -78 78 -4 61 -67 83 -4 -35 59 -61 36 -9 -76 -78 -80 -10 98 6 -48 38 86 -60 99 98 8 59 -81 35 -89 85 -41 96 58 -99 93 97 27 -68 100 -94 15 2 -7 82 12 44 62 -2 27 -89 -44 65 -78 38 46 66 -36 53 -58 11 -33 -100 23 -90 -4 -1 77 63 
39 5 15 -22 -53 11 33 53 50 83 91 55 -85 -98 -5 -8 28 4 -56 -92 -91 15 -19 55 -50 -49 48 -50 -61 -64 -92 -16 1 -73 60 -28 38 77 38 80 51 55 52 -28 -11 59 -93 -2 96 24 -97 89 65 91 -30 92 78 0 -61 23 74 -4 9 82 -74 67 -42 23 -75 31 -65 -80 26 32 73 -22 -50 -79 -84 98 11 35 49 -76 66 30 -9 -31 -70 20 -41 86 8 12 18 -83 16 88 36 -36 
64 95 -65 -79 87 14 -13 53 -71 -49 65 18 53 42 -19 51 -40 9 -93 -42 85 83 67 18 15 -44 2 25 -75 -94 21 33 -18 55 -4 30 -72 -39 -50 7 -83 19 35 -93 -24 -19 95 -3 12 34 88 52 -88 -12 92 -23 27 -58 66 -45 49 32 -49 -52 -94 -44 76 -1 -75 31 -24 17 4 -2 -20 -71 99 -37 -64 9 36 47 -17 94 95 -6 45 63 13 -32 0 -10 58 -1 -79 28 -70 86 -83 -73 
-3 88 -93 81 -19 34 -64 15 -10 70 97 -46 1 -100 70 0 12 99 57 -74 50 -38 -73 -14 -20 98 -66 32 16 15 99 83 34 -97 54 20 -94 37 -41 0 32 -92 64 -17 60 -29 96 -51 55 -19 -35 -6 -30 53 98 64 92 -30 53 34 33 51 -2 -99 18 82 -60 -67 61 83 18 61 -71 -80 47 -93 60 81 -97 54 -58 -22 83 -46 -55 -40 -42 -12 -63 -62 24 -49 -17 -67 52 -38 49 94 -76 37 
79 -93 0 29 -12 -30 -55 36 -77 18 38 72 -6 -85 -88 55 -62 -86 -26 -25 -27 -82 92 4 -81 89 64 -52 45 -49 19 -53 -48 -50 3 49 17 91 52 70 37 94 -28 -84 29 -5 -27 14 -63 4 -8 -6 37 -18 48 87 -79 70 58 75 96 84 -77 -41 3 -43 4 -91 67 20 -87 -7 7 96 83 -19 -51 4 26 95 -58 50 69 25 -76 -83 -59 -88 47 -7 -86 86 69 26 -85 88 -18 55 -69 -15 
-30 78 21 62 -6 95 -88 -47 56 30 80 40 73 39 59 -24 99 33 58 -27 31 65 85 -76 79 8 49 90 -96 29 -99 73 91 -92 46 -51 -23 -34 79 38 97 49 -44 -100 59 -54 32 -20 -7 46 -97 -37 -77 -63 29 38 -83 63 40 59 17 -59 -76 -3 -15 -55 -30 -51 -83 -3 11 35 46 22 -58 63 -92 -82 -38 -26 -23 53 12 37 -18 -99 80 15 -77 -35 3 34 65 -86 -21 76 -12 -93 -25 -88 
51 -59 89 -46 54 92 41 86 -98 16 -33 -64 -85 62 40 -37 32 -85 13 10 26 64 55 72 8 -3 -17 66 -17 75 -79 8 30 -76 99 94 -44 67 73 86 41 34 35 -63 69 31 -21 -10 -75 -37 37 57 73 48 -53 -47 -95 -48 -69 64 70 -72 -56 -99 95 -30 -82 -36 -19 -86 27 25 51 10 -74 -31 -87 -95 48 20 85 -84 -12 20 -60 47 33 70 76 66 94 -98 21 11 -70 -85 -1 -68 76 87 
-57 42 -2 -45 41 -24 -16 94 -60 -45 48 -73 64 7 7 -5 -33 95 -99 98 -82 -28 67 77 -65 50 -50 2 78 36 -94 33 -95 70 -28 -89 -70 -30 -92 -41 90 -71 -34 -98 -36 -89 -15 -59 -27 76 -33 -62 66 -68 72 88 44 -23 -96 25 -16 98 -43 11 -84 -3 28 -62 45 -65 71 53 98 37 -11 7 9 -57 -77 -86 18 68 25 58 13 27 -92 -63 20 62 26 70 16 1 72 -75 81 99 -93 -35 
-7 -37 -37 -42 -98 -77 14 48 -70 -99 59 13 -39 -20 91 74 68 -92 -36 46 38 2 80 -59 28 31 -49 -29 -63 -84 96 -65 -24 -36 4 44 100 -89 -27 66 27 -74 97 -48 50 -60 -58 -32 -75 85 42 49 -61 49 -19 2 -30 90 -31 -57 16 50 -2 77 -63 90 -15 -75 -34 95 77 47 67 72 -99 15 -8 61 91 42 -5 -91 -80 -39 20 -70 -1 83 52 53 -3 -51 -95 67 -17 66 94 -64 -63 21 
44 -85 -22 16 83 76 -63 29 -3 -50 -51 -17 32 -38 33 1 96 61 -86 51 84 -79 50 53 -47 67 -46 8 -23 11 -81 -4 -4 28 67 -54 -68 -22 92 38 64 -96 62 -100 -15 -79 46 -58 -17 36 -64 -89 72 32 -29 31 29 34 -40 -47 -27 -69 69 97 -88 93 25 6 -39 76 74 97 50 31 -97 85 29 0 -84 53 -58 5 35 5 -98 -50 -36 21 96 11 -74 -55 19 3 -47 -51 53 16 26 98 
-66 73 -47 -92 88 -73 -3 -13 -83 58 56 52 -63 74 -24 44 31 -89 -67 -26 34 -19 89 40 -36 -49 43 -86 84 67 64 -95 64 -21 -39 -86 44 -48 79 73 8 44 -8 -28 -6 49 -73 -58 -28 55 -54 27 -40 -32 81 -71 39 -91 96 -52 -44 79 -63 10 -73 -12 75 37 63 61 -50 -33 -44 -62 -82 30 -38 93 1 50 -95 13 -10 -57 -21 -46 -56 -74 -5 -90 23 89 -43 9 78 -39 68 -23 -35 -64 
5 -56 69 40 -63 40 -73 85 -41 -54 17 10 44 -41 53 -33 30 23 70 90 -38 -33 -48 69 -99 53 -44 -17 -92 -35 -41 -94 -11 12 18 -8 90 86 -62 1 -93 18 13 -38 -10 -17 80 98 70 95 -15 29 -87 -37 36 -6 -28 -9 -24 67 -45 -28 65 12 -64 70 45 -91 36 61 -100 -66 -28 -78 -48 -87 -64 -10 -75 16 62 -96 -30 28 99 -62 -32 2 -66 32 -11 37 -90 72 11 -45 -69 -29 -83 81 
19 -42 31 -56 -48 37 20 25 -67 -3 -48 -76 44 -88 -65 95 64 73 -9 5 -26 87 -60 62 -69 -35 44 20 61 21 9 43 76 21 1 -97 -25 61 -40 -36 62 78 -17 -79 3 60 48 7 41 -90 -27 -52 78 80 -66 -100 -31 -78 24 79 47 -66 -33 46 56 36 23 -64 34 -26 -49 -99 -55 -21 -20 -73 35 -28 75 -89 71 83 72 22 -46 -20 42 -67 13 -61 16 100 56 -60 81 47 -14 -63 -34 28 
-68 -95 -47 -82 96 75 -40 -15 -74 -68 -75 61 84 -64 -38 16 22 -79 72 -13 -46 -32 -28 -17 -47 57 -81 -30 26 -30 -18 72 79 -68 -59 32 41 25 -59 49 96 71 24 -19 -96 18 -32 50 -17 23 2 43 -5 96 10 -52 -59 -51 57 91 5 -74 31 -13 -28 80 -2 -79 96 14 33 37 -100 42 -90 31 37 -78 79 91 78 -63 -1 15 -28 15 86 -39 39 -86 1 59 -18 -50 47 26 -58 71 -10 -41 
24 61 -82 24 77 81 -82 80 -99 -67 -33 -74 31 83 14 -12 26 25 -6 -59 59 -45 -94 -31 -88 1 -12 -20 10 -78 60 -45 45 67 -70 -54 74 81 4 66 69 24 -9 -64 46 46 -51 93 -57 -99 -84 71 63 0 -26 49 -1 39 48 -84 -7 56 15 62 90 -28 21 99 -53 -60 -14 91 4 19 66 60 98 -72 -76 -100 -98 -40 -67 -4 51 -27 -44 -48 81 -92 5 -27 40 79 84 61 -61 65 69 -88 
-8 8 71 28 42 -77 84 -10 -35 -13 -31 -66 -91 58 -2 -50 69 -36 24 69 -54 -20 0 91 5 3 44 64 35 22 -29 86 -12 -23 63 55 81 -25 -67 -100 33 -72 -13 -42 -3 -73 29 31 -67 12 -53 75 -65 34 100 -21 -4 -14 -48 98 19 -14 -18 39 -75 -16 5 5 36 26 -4 19 49 -79 -10 -36 13 -64 53 -97 -94 -95 45 83 17 68 -47 -60 -17 -12 -78 -37 -77 3 4 52 2 21 20 43 
-41 86 39 -73 70 9 -92 49 20 -87 -100 -70 66 66 -38 -56 -56 -28 90 76 -12 45 -7 -79 -65 -40 22 -16 15 85 -84 17 68 -34 33 -27 -97 97 28 1 -54 -79 -29 -23 -95 -51 -76 -57 -19 -81 74 20 17 41 62 -99 72 75 96 46 97 71 52 12 49 -24 68 -27 -69 -20 51 36 -43 94 74 -19 -1 22 -42 -40 64 74 62 -73 75 80 -72 -4 1 46 12 -6 -94 85 24 -11 71 20 -45 -26 
30 10 16 0 -11 95 39 16 14 -54 -73 98 -42 84 -23 62 70 5 19 -67 95 -35 -92 -65 -45 -88 14 54 82 91 -82 53 57 55 7 31 57 62 -79 -94 26 39 -99 -3 -98 -66 -60 -26 63 95 64 9 40 -72 -73 13 -32 -54 8 100 -55 10 -95 -88 -2 -6 15 -78 -98 14 -18 -50 -67 -44 -13 5 -66 -91 -2 19 96 -57 -21 -45 40 22 8 78 -46 12 66 6 -90 -45 91 54 -69 41 -72 27 
43 -64 8 72 -99 -54 82 53 -36 51 25 -12 -69 -31 -93 -100 70 50 -69 -75 48 41 -15 12 -62 13 39 -75 -33 -75 38 65 -69 -1 -61 -9 -62 18 -26 -58 -11 -6 19 74 -66 -91 58 29 83 -62 47 -72 91 71 47 33 -55 53 89 53 32 60 20 85 23 -20 70 -52 6 -82 57 -88 41 -86 36 -47 -85 72 -19 98 48 -53 54 -82 -2 12 -15 57 23 -54 -61 9 -19 82 -73 55 53 -46 -67 -68 
-52 -25 -9 -39 -15 17 22 68 -88 -67 -93 10 -41 98 76 -59 -20 74 -99 16 79 69 -38 18 -75 17 -92 -69 57 98 -44 -2 8 -38 -86 3 67 -24 -32 13 -87 -21 62 77 64 -24 84 51 80 56 62 85 -66 -2 -19 -29 24 52 64 71 -89 -86 23 23 78 -40 2 -49 71 -83 48 55 52 77 99 -12 -75 -41 -67 -9 -13 11 66 86 38 -76 1 -11 -89 -59 -40 56 -85 -87 15 12 74 -46 -9 -61 
-27 2 91 -52 22 -81 -45 77 66 -29 29 -55 -1 49 98 23 -24 -55 19 -92 -56 -80 85 99 65 -100 59 -33 94 2 11 -1 -46 -1 21 89 -52 83 61 69 47 -53 -1 -53 -59 62 -45 90 -3 52 4 -21 20 70 0 62 -12 -40 40 -49 -52 19 -94 75 -87 97 83 -31 6 24 42 64 -27 54 -38 75 -98 12 23 -29 85 42 21 17 -8 81 -92 31 -51 58 6 -28 84 -6 -98 -31 99 -55 88 37 
-64 95 52 7 72 85 -27 77 -38 88 9 -21 -48 -26 22 31 -11 58 -80 31 64 -85 -16 -85 -24 -72 26 50 30 85 38 74 83 -73 -38 24 -6 92 -7 -12 39 58 -100 80 58 31 -58 -60 -70 -59 57 0 -31 -87 66 66 57 -50 -65 32 49 90 -93 5 34 -98 -19 -4 52 73 91 -37 20 -5 21 35 89 -43 69 -95 -15 -68 24 -93 -56 -83 46 -61 -56 -1 -34 -36 -11 -44 81 -65 -17 -48 94 37 
75 -97 93 -65 -76 -34 23 -18 -28 37 19 -11 92 -19 75 -29 7 55 -76 94 15 52 -99 45 -23 19 -65 -29 90 79 -30 -56 -49 -78 -11 -25 -91 96 -99 -47 56 -68 10 37 21 8 -1 27 -77 -52 -25 76 -30 -37 66 -53 40 38 -18 84 -71 77 20 -62 27 -94 -36 77 -34 32 46 -7 -29 38 70 88 -30 6 -5 -67 76 -2 80 -58 37 -72 15 -94 -39 -70 53 -89 -81 -8 -14 -16 -16 -86 -72 -24 
56 38 53 87 78 -51 -38 53 75 54 -85 53 -36 -64 36 44 -80 13 18 61 23 42 -48 -41 6 65 38 -91 97 -82 -7 -76 52 44 3 -89 -67 -2 -82 -19 -100 40 84 -69 -2 38 -3 43 10 35 -34 -77 -4 34 -68 -19 -29 7 9 15 87 74 67 -64 92 -99 -32 -66 25 -1 18 32 -88 -98 -49 -78 58 -3 10 78 -68 5 -18 6 -3 -54 -24 26 94 2 99 48 18 41 -1 31 45 -1 14 82 
-35 -15 100 -43 76 77 33 -4 -12 29 -11 -68 -96 -91 6 83 30 -56 52 78 86 -17 -79 -19 82 -82 51 100 27 -22 -19 -50 55 23 33 -79 26 -71 -100 -74 -50 64 12 -81 -46 32 -90 -11 -78 -29 73 -13 -82 -4 57 -24 35 36 87 -68 -80 32 57 26 5 13 89 52 -3 -84 -44 -70 -9 -20 -94 69 -91 -27 -10 71 -21 33 33 49 59 74 -95 87 -12 -19 39 -73 -75 26 21 15 -24 13 -45 -36 
-89 95 -76 57 89 -84 57 -17 -76 44 -32 -47 -20 33 22 -24 -28 79 73 -95 -8 -2 -94 -16 81 -3 -52 72 -11 -24 74 27 91 79 -47 -35 -20 74 25 -83 68 -6 74 -30 78 89 13 12 -70 7 -63 -39 -35 -84 -43 -5 37 -65 5 -96 52 11 81 82 -39 -2 80 -1 -41 33 -96 -42 -78 -3 -66 99 -94 99 -47 -48 -53 -12 -72 -55 75 89 -74 58 -15 85 -45 17 26 -51 -25 -83 40 74 -36 57 
-87 27 -37 -16 -29 23 88 1 72 55 55 7 42 42 -83 -95 -47 -91 -5 25 54 64 70 20 -96 44 98 -1 -61 96 29 46 69 83 53 26 -96 65 90 -10 -96 73 23 25 76 14 16 -53 -64 -44 -70 38 85 -1 39 -45 -1 -90 80 -81 67 21 0 21 -13 -7 85 64 -81 -59 -48 65 -44 80 37 -92 -57 54 63 -11 -100 11 -3 -89 -84 -36 -46 56 8 34 9 -9 9 -92 -30 -90 -15 -73 -91 46 
-4 92 -32 -26 -24 6 -56 -34 -32 7 -90 -34 92 -69 -80 -40 5 -76 -99 -76 98 61 44 -80 -65 14 -10 92 -68 -15 70 -24 61 54 -24 -72 -21 40 98 28 -23 -71 -19 -89 34 -41 82 36 -98 -96 7 95 85 2 -47 -14 70 -48 96 -34 -79 -2 93 4 -8 -51 -76 -45 -55 -93 -7 71 68 -84 -34 80 12 -53 -14 -44 14 -99 -99 -92 -47 -19 -47 -9 -65 9 5 88 -32 96 -84 13 76 77 -38 -13 
35 -97 -94 13 -63 19 -14 3 -23 88 73 60 43 -13 14 -22 -71 40 -50 -70 90 80 -22 14 63 -57 -98 -10 67 89 -97 -67 -37 0 41 -26 84 -99 -46 -41 -14 -10 36 -31 -64 46 -14 22 19 -55 16 -98 -39 -98 79 -24 -24 79 -42 -82 -22 64 37 -20 74 52 -59 8 -75 -100 52 -50 -75 -38 48 7 98 -14 60 -84 23 97 24 77 -72 -48 25 98 -96 -58 78 -28 -42 -16 27 58 83 -31 83 13 
-39 -77 18 -78 50 -79 -17 -92 -20 -77 -15 -17 -22 70 88 86 -55 -69 55 3 7 -33 -94 -47 65 65 -64 -23 10 64 -39 94 -25 -92 45 -35 -99 53 85 -82 68 -52 72 57 31 67 55 77 91 62 -83 -41 16 -93 -31 -74 67 71 10 47 -61 -21 -90 17 -68 -3 -95 42 48 99 -22 31 -49 -32 27 -58 -69 -53 -77 2 -52 -34 13 83 -49 -61 88 -78 -85 -45 -99 -83 -46 82 -61 29 79 -9 -14 -63 
-27 -92 -87 -21 -47 -89 -90 -52 27 -38 -67 38 35 28 -15 59 68 5 97 -54 -53 -68 -69 45 -6 -12 67 9 78 93 -43 -92 -71 39 -18 -2 73 36 -14 13 25 -2 -66 2 68 39 79 29 49 93 78 -37 27 63 -45 43 -16 -88 60 58 61 42 -13 -1 95 83 -68 43 94 -23 34 59 -92 -81 -52 99 67 5 -96 -51 -16 -35 -51 -39 80 87 -83 72 -70 -34 -96 64 51 3 68 38 60 70 -33 99 
72 0 94 74 80 -41 78 24 56 -2 -18 -11 -89 -57 13 -42 -98 -17 73 76 -75 -51 43 -79 -65 -68 -4 -17 97 -83 55 -50 -55 0 21 65 47 71 99 24 -38 -63 -22 49 15 -23 -100 19 -47 3 -63 1 4 89 -76 -95 66 84 28 -52 -92 -36 -7 -41 2 -92 -63 59 -87 15 17 13 0 72 -17 -49 46 41 34 -97 -36 -22 52 10 21 26 76 -83 -76 24 34 -25 -36 6 58 24 -9 15 74 99 
-26 24 -23 23 20 32 38 -74 14 25 -64 -18 -6 46 69 -66 -6 0 54 82 5 40 -20 -13 -19 -52 -98 -71 -49 -96 -36 0 -12 -97 2 83 38 69 -77 -88 98 69 90 4 -54 -35 -78 79 98 -72 -3 44 -7 -54 29 -62 -65 31 -65 30 -43 42 66 -10 -7 -31 -40 50 100 -76 -4 -16 -30 60 44 -69 -23 38 -7 -21 22 -47 -20 -81 86 74 -55 27 -58 98 44 29 -62 -27 30 58 -82 -34 -43 22 
2 10 -47 -97 63 -93 -99 10 -34 27 -64 -61 -63 20 74 35 2 -47 37 11 60 9 99 50 -66 1 41 89 -64 -29 94 -93 86 73 67 -76 68 -4 -7 -11 -4 42 -62 -67 67 -27 -62 72 -69 -49 96 20 -92 65 -5 21 -97 33 -69 -54 -92 -19 -5 66 -77 -64 100 -35 -66 -35 63 -27 72 -5 63 46 97 34 30 -23 -54 -78 95 19 49 -96 -61 -29 33 -75 -11 68 -86 -26 -36 -80 67 -96 -34 -21 
-76 -1 56 -39 84 -70 75 -5 -72 -11 -86 3 70 -62 -88 98 -19 84 -55 37 0 -10 -84 -84 -13 -37 -92 69 46 60 98 54 78 -100 95 -72 93 40 13 -81 1 86 -93 74 -83 6 1 15 76 48 47 -42 -42 -77 40 -43 -30 -34 -51 -97 -48 8 13 -38 -98 72 -73 -91 -63 93 8 38 33 20 -78 45 -48 40 21 -47 -75 -14 -6 9 -13 35 26 86 -99 96 -47 92 -44 89 -66 41 79 -85 -47 96 
6 98 26 -6 -53 -16 46 96 -59 -79 76 96 55 -50 77 -40 -16 -51 15 22 -96 40 -87 -59 -12 -56 52 82 -7 -44 29 -2 -39 -28 -64 -69 81 30 45 -10 92 -80 89 -81 -90 -20 -10 -29 -16 -73 66 16 11 48 -76 1 -11 16 24 -64 -82 -1 -22 -27 -8 79 81 9 27 56 -9 -51 14 -44 -84 -76 47 -27 53 -44 75 41 32 77 -22 55 28 -32 -45 9 84 -79 -6 79 -46 73 20 93 74 -5 
73 65 -62 63 35 39 -89 41 -33 84 -29 -89 81 -40 96 -69 -49 -10 -73 -83 -39 -28 53 64 46 40 95 14 -95 68 -59 -63 7 54 38 95 -66 72 -5 83 -63 -65 0 -90 59 -19 -61 8 -81 -79 -47 -54 13 85 0 -78 75 49 87 81 -60 79 -50 -21 -17 -75 -18 -66 -66 41 75 56 81 -75 1 -16 84 -48 57 -57 31 -16 76 -87 -27 61 31 -59 -18 -20 81 84 -58 -68 82 91 18 72 -69 -49 
53 -71 68 -29 -91 29 18 95 -20 21 32 -53 42 62 -48 81 14 -34 56 -37 -37 -9 68 11 7 9 -32 -93 -76 -77 35 -50 78 -64 -52 -25 -24 -46 68 47 75 46 61 -45 -48 -34 -100 -73 62 93 28 -97 63 17 45 41 75 46 -95 -81 -91 56 17 -90 -72 27 -13 -53 68 -8 46 4 10 23 51 70 98 -53 85 -42 83 34 -64 48 -52 -57 78 -76 44 22 -47 -20 98 33 68 5 90 83 96 -3 
33 -69 89 59 -78 24 82 -50 82 -57 -77 -18 0 60 67 -51 91 -79 -100 -15 -42 -37 96 33 53 88 -59 -96 -78 -38 73 -26 29 -64 -7 2 -51 17 92 82 -77 -60 -33 54 60 -60 22 -79 41 95 85 48 76 98 -30 -30 90 -17 84 -37 17 -79 52 -32 -80 87 62 37 -57 -93 -97 76 -77 55 14 -16 -58 -19 -90 88 -77 76 71 2 -94 -85 48 55 64 75 56 72 32 29 12 -71 -33 -6 37 65 
27 81 -60 -35 60 43 66 -3 86 64 98 -4 -28 -64 -48 -24 -82 59 -29 -54 77 -24 -36 -16 -36 10 -2 96 9 16 38 -94 -30 33 -10 -71 -96 -34 18 52 -23 -80 69 -98 -13 31 -77 69 77 -16 100 14 34 45 -19 57 4 100 48 84 -4 -9 -51 34 -13 3 2 1 94 -63 7 -45 27 73 95 89 -98 -34 -28 -65 -2 90 -89 -77 64 32 -7 -88 -94 99 85 -68 -85 78 68 -24 5 -42 10 -88 
