100 100
-15 -5 99 79 -53 8 -79 -3 6 86 21 26 -48 82 -70 10 -16 -15 57 -52 82 -83 -100 52 25 59 82 -40 -44 -23 -1 10 28 9 -35 36 12 53 -51 45 -55 87 -13 38 -45 11 33 89 62 -87 -72 85 -40 -74 43 15 -62 -3 -66 82 5 20 79 -14 -57 -3 68 32 90 -67 -100 83 28 -3 47 -63 42 67 84 -73 25 84 -73 -72 -27 -42 44 57 60 -68 19 -34 25 -35 15 -19 -85 3 -87 -32 
27 -8 -55 16 -28 71 74 26 -20 59 -39 83 68 -37 65 24 93 -66 -25 -78 28 77 67 -30 65 69 94 -17 19 -1 37 -34 1 -30 -31 -36 -94 -74 -38 -93 -59 48 -37 -100 97 -9 -25 6 -13 74 39 -46 -87 -67 -78 31 2 35 -34 -26 28 71 0 -67 28 0 -92 80 65 54 84 -38 45 -13 63 34 -48 -35 -87 -87 -92 -47 57 16 -94 -21 98 64 91 70 19 42 -92 -58 56 4 -22 -63 11 -27 
-29 42 -83 62 -57 -86 86 32 91 19 -77 7 64 17 79 -51 -9 63 64 35 97 -59 -47 -31 -58 89 68 43 59 6 -92 94 -84 -6 51 93 -19 -53 -85 71 -84 18 21 1 -13 -26 -87 -33 -12 31 56 -47 -60 -10 45 94 -1 12 -18 -34 90 -76 -86 29 -65 -6 34 -22 44 -71 91 21 -3 74 -18 -55 -94 57 -52 43 17 77 69 95 -78 88 99 10 71 -91 88 17 -99 -95 49 88 86 -38 -13 5 
-64 25 -67 -94 20 -60 -34 -36 -87 -28 -50 -38 1 -4 53 37 -88 -70 21 69 -99 13 84 -93 -49 28 18 57 36 -18 40 -46 -10 -5 65 -71 95 40 -82 -97 -78 70 -38 -60 -23 -2 53 -70 -88 48 94 22 34 31 -3 13 -93 64 -81 47 -14 18 43 75 -54 72 -87 53 -54 70 18 -83 87 28 -33 96 39 17 -24 -17 -99 27 -53 -37 46 91 29 86 -4 10 50 -9 -47 -51 35 81 93 -12 -39 47 
-75 -77 75 6 97 33 56 -58 -39 -21 63 -44 95 48 80 -60 -21 -78 1 -53 -81 26 -12 -33 90 78 42 73 -72 61 -66 -22 96 -92 -66 44 -96 49 64 -28 4 -47 42 41 3 86 -61 80 61 -54 -22 79 -13 -34 -62 86 89 3 -31 61 11 78 -68 88 -72 -50 44 14 25 -99 42 52 -18 58 33 79 -14 43 85 -73 51 -42 -26 70 -100 -77 69 4 -6 26 35 79 48 64 86 56 26 44 45 0 
-100 84 93 -47 -59 94 -35 -66 -4 22 3 21 69 89 9 38 -62 -3 -79 45 -14 90 -92 16 -46 50 -76 93 -34 8 -56 10 -18 -14 -70 -36 -33 79 55 60 53 40 -10 41 -33 33 32 -20 25 -14 49 90 29 -11 11 -81 55 9 -40 -56 -95 -39 90 -95 63 -76 -90 73 -45 38 -17 -26 -34 79 -45 -24 77 -58 100 -13 -43 -73 -91 14 50 78 -37 1 -95 46 -54 61 96 1 -70 -68 36 -8 84 56 
-60 -63 -30 -20 -18 37 -57 -64 95 -97 89 68 85 -63 -36 61 29 -95 -17 -65 63 -53 31 90 -78 58 -20 69 55 -11 -86 86 85 53 -38 -80 90 10 -95 -48 -30 -48 -85 94 58 -96 45 97 -11 -11 -56 -30 12 -39 25 -7 33 41 -67 81 -6 -20 43 -46 -85 -74 70 -42 92 -22 90 14 -45 -45 -12 -34 31 -94 77 -12 87 -40 -29 42 21 -47 35 -72 47 -39 -22 10 90 -64 -59 68 -90 -70 -77 85 
-38 -94 -5 18 -7 23 -51 -94 13 -27 -50 60 -83 56 -62 10 -34 -94 -59 -60 1 76 -25 -32 80 91 32 61 44 -61 33 -29 -62 -87 92 17 63 89 -96 91 -85 -94 -24 89 18 -59 40 0 33 -41 35 -74 98 -39 -33 -39 45 47 -8 92 -14 -73 -60 17 -35 94 24 19 -79 17 -99 83 -23 -80 10 67 -85 -32 84 91 -16 -13 -29 49 51 -13 21 62 -93 -83 99 13 55 31 -5 38 99 24 -52 25 
-89 -22 -46 -50 66 15 47 -81 80 -62 -83 32 -88 45 -71 22 9 17 -9 65 69 -46 32 -3 -69 -19 -33 84 67 -75 16 0 31 -61 27 0 43 54 -95 -56 88 47 16 65 52 -74 80 -59 -67 4 41 61 -70 -37 93 18 -38 42 -36 2 7 11 -92 -52 -36 -35 49 -53 -26 -43 -95 17 14 83 39 29 89 79 83 -2 -15 89 92 63 1 25 46 -64 92 34 -50 -96 -1 75 -62 65 59 -21 -20 17 
-27 92 -38 20 80 62 -33 39 15 90 -2 -52 13 41 36 91 -34 -95 -30 45 80 35 79 -8 11 -32 -22 -26 -53 48 -57 -57 51 100 -26 -20 32 -14 70 21 -41 -32 93 67 27 17 29 57 -27 -38 58 -80 0 40 -100 99 100 -22 13 100 -86 -63 68 76 60 -1 -23 55 1 -47 -98 -88 -14 28 -87 67 4 -35 21 61 -34 91 92 86 -74 31 8 -97 68 19 -76 -9 -68 -73 -21 -88 -74 65 100 -45 
-58 -38 -92 -10 -30 31 0 20 -92 -66 -59 -5 -76 -33 -32 -83 -9 49 60 -18 -6 -69 -52 -62 6 15 -21 38 56 34 70 83 1 71 -87 51 -90 84 56 69 -93 96 84 39 79 56 -26 -92 88 2 41 -82 25 -92 -86 -35 -97 96 -62 61 52 58 -59 93 0 -38 15 -49 -7 -56 -69 84 -67 -26 36 25 29 88 15 49 -39 18 -100 25 -65 100 -56 37 17 62 -39 -20 26 -20 83 77 98 42 27 52 
-91 -71 15 42 -44 -3 -60 -68 -59 -45 -99 36 42 -17 72 -87 -99 73 99 27 -75 -76 -53 -38 9 74 35 9 -37 -23 -99 -54 25 43 -65 69 -63 -37 89 10 -50 7 -61 -52 73 -80 40 -58 -32 36 -20 33 -30 53 -24 83 67 61 42 41 35 11 54 -72 -12 79 -81 -81 31 -31 -86 94 -71 85 -34 -42 42 40 -3 -42 76 -29 -11 -92 -19 -60 -78 -83 -58 60 72 8 29 -45 90 33 15 74 66 -64 
100 -78 10 -26 72 68 94 -41 44 24 88 -91 -49 -31 95 -23 -23 -96 6 -29 21 98 -10 -97 -17 -30 -60 69 -49 77 -67 -86 8 -1 39 49 65 -67 -23 90 75 37 13 6 -40 21 72 -81 62 10 -32 -51 96 60 7 38 -70 -60 46 -98 0 -98 46 -71 50 -92 10 -100 61 -44 -86 43 -75 35 -53 -60 -91 37 96 82 -35 81 -13 -96 -35 99 32 -63 -96 -96 44 -23 17 -15 35 -92 -37 -50 56 8 
-72 67 22 87 -36 -93 -48 -47 -20 -14 -48 8 26 -38 29 -55 -72 55 -71 -62 54 55 19 20 -24 -79 24 -56 45 33 -78 -7 -88 50 -74 -55 22 42 -99 -55 -5 56 -27 26 61 -67 -96 -54 -39 -57 -45 26 -96 100 86 70 -53 -1 100 -12 -54 2 -22 78 24 -49 44 39 77 31 -99 -82 -74 -18 22 -41 99 -33 29 -94 -42 83 82 96 -63 76 -99 76 32 -18 -20 -19 61 3 -62 90 74 99 -86 -13 
2 -39 94 -73 53 -6 99 -9 -80 74 -67 5 -30 -43 -40 30 -26 84 -82 -62 69 -34 78 87 32 35 -77 -98 -52 47 7 -3 -18 20 58 3 -99 -45 47 -28 -75 67 91 52 75 24 51 87 66 58 -55 13 -45 6 83 -61 -25 48 58 -25 5 31 -8 -11 24 -48 7 -88 76 8 67 60 -32 -22 91 70 95 -55 -65 23 -93 -13 8 44 73 87 -62 10 3 -9 26 50 -14 58 90 95 19 43 23 39 
-9 -36 -33 -54 -13 -76 7 -30 -76 -1 -52 -28 -53 18 -54 -84 -48 -80 -26 -2 -43 80 60 -35 -65 98 98 57 6 95 4 68 -60 -93 70 100 -92 -89 25 9 -52 5 -5 -56 -2 -24 74 -17 -12 -25 17 56 -61 -10 47 31 12 -80 -63 89 -49 -67 1 20 15 -49 30 73 6 -92 -6 -29 -86 2 84 -52 -18 -10 -59 -50 -90 -71 78 -62 37 -93 59 44 52 54 -32 7 90 73 -22 64 53 10 -78 -63 
-26 68 -80 11 83 -4 -15 -2 -10 -18 31 6 72 -17 56 -32 -48 45 -80 83 -83 91 29 -56 -25 -33 -40 -98 91 -51 29 69 72 -30 -2 -17 22 59 -10 -48 -48 68 -59 -94 30 -21 -34 -30 -28 26 7 -40 -94 -31 20 -37 55 -70 45 -2 68 62 -79 40 50 54 5 -20 -54 -78 -51 74 -79 -2 19 48 20 -87 36 71 54 55 -1 -85 -9 33 -79 -34 76 17 -49 36 -43 47 -52 -50 -8 86 -84 51 
88 19 -9 -5 -72 -43 23 50 -50 79 28 -2 -11 -99 44 92 -65 40 -72 97 -64 1 97 45 -44 -41 9 -62 -90 64 20 -19 -29 1 -31 -96 -99 -1 -75 64 34 -39 -81 38 26 -80 -56 43 15 -94 54 78 62 47 32 77 66 -36 -88 92 70 -100 25 90 25 -65 94 48 -7 -92 95 -24 6 -77 2 -90 50 -29 3 71 -39 -50 84 -42 -47 -29 -87 -8 9 93 -13 74 -76 97 -2 12 -68 91 38 24 
65 -35 -64 -21 24 -69 -25 -67 -1 -25 93 17 -35 -86 -97 62 47 58 -37 -13 -34 21 -20 -92 79 -72 -63 46 -15 -53 -22 68 -52 -83 -39 -59 -36 83 66 41 87 6 -43 -77 -92 65 -6 -24 -49 19 6 -88 -1 -67 -72 -12 21 78 62 26 -6 -97 -49 -68 -31 40 -42 -78 7 33 26 -36 -58 -2 30 -76 18 83 18 43 57 28 -42 61 -4 63 -100 41 -62 6 62 37 -96 34 62 77 -93 62 -87 -28 
-93 -65 80 56 69 -97 45 -3 28 39 2 -40 6 5 95 -86 14 -90 -63 -63 -67 -10 -78 76 -26 62 67 -51 -88 -33 62 29 64 -97 0 40 5 -49 -84 42 99 48 37 -100 38 -62 -39 86 7 -67 40 59 86 43 33 -61 -81 99 -89 -40 -72 100 99 -85 53 20 -94 6 -42 -68 41 -37 -64 -79 62 23 54 39 -32 64 -78 -73 33 -72 33 69 -85 28 73 -46 85 -93 87 -36 -53 -22 -85 -51 57 45 
80 -14 -44 72 39 59 12 55 91 26 -33 -41 -26 -97 -61 74 22 -67 -80 26 95 81 -43 -3 21 -31 88 -65 -65 22 26 -9 52 -32 0 -95 -91 65 -1 -92 59 16 94 -60 85 30 21 53 64 86 89 -17 -83 -78 35 -10 45 5 27 75 -8 99 -3 -79 -1 -81 -6 -22 89 -60 -73 14 36 71 87 -62 -88 65 25 -18 1 -15 -81 69 94 -45 40 -72 -80 -48 15 72 -78 38 -84 78 -9 -79 -49 0 
-24 -18 54 72 23 89 -11 -15 11 -62 -55 -36 65 24 -100 21 56 38 -74 59 -8 41 -43 33 29 -47 61 -9 -48 -75 -92 82 -51 -35 8 10 54 -72 -58 -93 31 45 -17 61 36 -53 -34 18 -79 51 -4 -57 -33 55 -30 95 32 36 67 28 -53 66 63 -67 -91 -98 20 -77 -43 -93 -37 1 38 -69 99 74 -49 73 42 -75 47 -10 -57 71 77 -94 52 -15 85 1 35 55 41 16 59 34 -90 80 87 14 
-35 -77 86 -62 26 82 -37 -18 -35 -43 77 100 -36 -95 51 80 87 65 -5 -76 1 -19 60 75 6 -44 45 -82 30 -73 1 -6 -47 77 59 -31 87 -50 -11 4 -9 -96 -11 -91 98 28 -26 -48 59 89 63 -68 14 -55 -21 51 14 59 98 93 21 -18 -46 92 -23 -2 -75 7 23 86 30 20 -31 88 -66 -70 81 41 -22 -28 91 -18 20 -30 48 48 32 60 -16 86 76 -73 67 35 -12 26 -51 -44 -98 94 
-29 34 87 36 83 59 97 11 -38 60 -18 -33 16 -61 -19 58 19 -86 61 30 38 -92 78 67 -22 -46 -87 37 77 -85 22 69 87 29 -25 38 -42 44 1 34 63 6 40 59 73 50 -27 -69 37 81 -55 80 -80 -75 88 3 6 91 -25 -47 60 95 78 -99 66 -93 -45 -57 -47 31 -26 78 -1 96 -26 41 -86 48 -21 -97 14 -26 -49 -45 -66 24 -57 16 -62 42 64 -70 -15 86 77 36 -89 -87 -62 96 
-49 -54 21 32 24 -48 19 -93 36 27 -22 94 -33 37 -54 58 -100 0 42 19 -37 89 2 61 -2 -23 77 -58 87 -32 12 6 51 -63 13 14 -85 -18 -42 78 75 34 -32 -55 38 -56 57 64 -56 -16 -93 -22 51 100 -90 -63 -80 27 24 61 9 8 -37 -31 -99 -28 83 38 24 -30 39 93 42 55 -82 -74 72 52 92 33 50 7 36 -77 -21 0 -80 0 -16 29 39 25 31 -27 -37 -37 3 -82 96 -62 
-72 -89 -34 90 48 -21 18 -37 9 -18 98 83 -45 -84 30 93 -49 7 -39 29 -2 17 92 -53 -42 -78 81 33 64 -80 -91 98 -95 -91 66 100 -18 76 -40 44 26 -6 9 -12 41 -31 -81 54 -47 28 -55 92 73 3 -78 -55 50 -67 85 -56 97 -29 6 0 -54 93 67 16 99 13 92 31 31 25 -33 -17 37 57 -73 -19 -86 -61 -28 11 -52 27 28 90 -99 57 80 70 -25 70 10 36 -88 24 -31 -34 
30 -11 -32 62 -43 -48 -78 -12 -16 60 -23 50 -36 -32 17 63 23 -89 94 59 -53 13 -16 -78 -36 -65 19 28 -43 37 -18 57 1 -52 99 36 -41 -75 -30 93 27 -68 60 80 -64 62 49 86 88 -3 -82 -2 -75 -84 -22 -8 -66 -65 -20 -55 25 -57 50 -67 -22 4 49 -22 90 43 55 46 -26 57 -26 -29 -8 -7 -31 23 -61 78 -45 96 -4 53 -45 -57 89 -17 -48 -47 93 39 66 -45 -80 36 -39 60 
-58 36 -18 65 53 67 37 90 -76 70 18 21 -15 -16 76 79 -90 -32 20 -57 -97 26 -40 -69 54 37 -5 -78 41 72 98 -66 -47 34 95 20 46 3 -62 25 96 -12 -1 -12 6 -81 -33 -73 0 93 6 -90 -6 35 50 -83 -80 1 -46 95 -26 74 89 -72 18 -32 22 11 -84 74 31 74 56 -98 42 79 -29 20 -38 -23 70 82 -82 -58 -72 -71 -75 -11 80 -4 -56 33 -1 -3 82 -39 -29 18 -64 3 
78 42 32 82 -13 -5 -62 3 66 -23 14 -44 -7 87 0 -89 34 72 -16 -33 26 5 -40 32 -23 -25 18 38 65 30 -18 -12 11 57 69 -23 38 -81 -5 -53 -42 57 -49 22 1 94 -5 52 -11 -63 -66 -42 80 -59 -80 91 89 -26 -50 -92 -24 2 -29 15 -55 -93 15 -47 66 -19 -73 -66 -33 -41 -84 25 -94 1 19 -23 -29 -51 -57 32 99 7 -11 10 10 32 -59 22 93 96 -24 -43 -80 16 -45 52 
-22 -33 18 -67 26 11 -6 -45 -37 68 -64 -14 -93 -81 -91 13 10 -85 -92 78 -76 23 -14 -60 50 95 57 69 -68 -29 -30 -6 -77 73 -82 -24 24 96 -28 -2 -15 36 54 -80 84 54 56 -31 -100 3 -35 -5 49 96 4 -41 89 -41 79 -58 5 -30 -7 18 -43 -69 17 -85 98 -97 -31 100 20 4 78 92 -76 -81 -57 -36 53 -62 45 46 89 88 77 -67 40 11 -78 97 5 -99 -63 -96 42 90 -46 78 
97 -75 -30 31 76 -31 75 -25 13 14 82 -64 -97 -44 -13 66 61 -4 -6 57 1 25 95 -26 84 93 -2 -14 -11 -78 83 75 0 -40 -66 71 69 50 -60 79 23 -96 71 -71 -64 0 -24 -66 -33 29 26 -43 -76 -88 -44 20 -10 88 15 55 89 16 14 -11 24 -90 13 -20 38 56 -4 1 67 -99 -47 87 -42 -7 -85 -2 -55 45 76 51 -51 -87 -50 65 68 50 42 27 28 54 59 71 -90 -91 61 -56 
48 0 81 -83 -27 -71 -44 -43 -83 -34 -64 39 -41 74 -49 11 28 8 -21 0 -7 38 78 -17 -60 86 -69 71 -70 6 5 -51 62 54 28 30 25 1 -85 13 -17 -54 4 30 -85 -40 -1 60 79 76 -44 4 74 55 -55 -10 7 -11 42 15 42 -97 -86 23 -56 -75 59 -31 -6 37 -16 -98 -86 -16 54 10 39 -44 -21 -78 -53 -58 88 -88 -98 5 -100 73 -9 25 -69 -98 37 -72 -87 51 -79 98 49 40 
11 49 27 -21 -90 -82 71 5 49 -15 -35 -61 18 -24 66 -91 46 65 -75 35 39 45 81 -41 -31 92 -64 97 -99 -30 45 20 6 -26 -33 -25 -72 -10 -80 -43 -40 5 52 -78 -24 -1 -83 -3 -29 8 -89 99 -65 84 67 63 40 -58 -21 15 58 -28 17 100 18 36 -8 -97 67 83 -50 -88 -19 53 -12 84 -37 -96 -24 -71 68 93 -76 55 -98 -36 -16 50 73 47 21 -29 61 84 94 69 -40 -91 -96 -14 
-56 88 -58 -21 -68 -79 -54 86 -58 73 44 99 -72 46 44 9 -87 87 -25 -36 90 -42 91 74 26 -26 84 -65 -84 -12 96 42 51 -87 93 72 -74 -12 73 37 -44 36 60 37 90 66 -48 73 30 -28 36 80 -58 -1 -23 4 -81 -87 2 -91 85 71 49 -89 -53 28 -77 -55 -26 -64 65 -75 76 -84 10 25 -20 -50 -16 45 11 -51 75 -68 -79 91 2 25 7 67 -6 -32 -49 -90 28 43 76 -93 61 74 
73 -65 26 -40 -76 -27 -83 52 28 -24 -49 -80 89 -1 -36 -53 -86 -47 92 43 -47 40 -97 100 -46 -100 35 91 17 -52 -1 -40 -86 -70 -82 43 -2 -32 36 85 81 -68 -89 0 80 15 46 -86 31 -53 -58 -62 80 -32 -37 -94 37 4 -81 55 -55 81 56 -19 3 -16 -92 -36 100 59 43 94 -32 -2 -85 36 88 -77 29 22 38 28 -35 -86 -82 12 50 10 81 -29 -72 -37 -61 32 72 12 -38 36 -79 -84 
-84 -42 42 91 78 99 -28 53 94 -76 1 99 85 39 -77 97 -86 25 18 50 76 -90 -49 -40 -61 19 -69 62 75 72 -4 61 -69 -6 -43 -84 -27 -98 -85 -86 -20 -99 75 14 6 -40 -80 28 82 44 -16 53 23 5 -12 89 -16 -71 8 18 -19 96 -7 42 -1 50 64 -75 77 -63 -90 -61 -93 -14 24 -100 -29 -84 -9 -43 69 93 52 31 -72 -45 -40 -24 -8 -81 -41 -22 74 50 -37 30 -62 90 78 51 
13 -54 43 42 -83 -27 31 -4 -48 47 -68 -61 71 98 -10 12 -20 80 -5 25 -21 -62 52 -9 -87 77 -58 -19 18 -68 -40 -56 17 -48 -85 -25 47 -39 82 58 45 88 -21 100 -38 -81 -32 53 38 -89 -12 14 -57 -76 -56 -79 73 17 47 27 53 99 -2 -29 77 -45 54 -74 77 -75 89 31 73 83 63 29 4 -76 -38 82 30 -99 -2 83 -53 -27 -32 60 15 -9 20 -6 66 -33 -76 -55 82 -23 13 -26 
40 -95 71 -46 80 -2 -93 -23 14 -75 -94 -93 99 -33 76 5 -12 -99 -37 -9 -21 -6 91 99 40 62 -53 -70 62 -78 27 -6 18 -18 -60 66 19 90 -70 12 -33 99 41 -78 -61 28 -55 -78 -19 0 -35 -35 -55 75 68 15 -41 36 -66 31 83 83 65 -74 -83 50 64 40 14 17 -24 94 -68 99 -29 99 87 -85 48 10 22 96 21 69 94 53 -70 -90 -27 9 61 46 88 -51 -17 -48 7 -18 -46 -97 
6 69 17 11 33 -23 27 -25 -74 -18 -43 -52 -32 51 81 -31 66 -34 20 28 -46 32 9 -57 76 -47 34 -31 -69 7 25 -81 2 -46 -24 73 -19 20 98 -59 -32 -1 -86 74 82 -2 -10 95 55 80 44 -33 -18 -33 44 -29 -71 96 -78 44 100 -4 37 -43 17 13 -6 64 49 -66 -69 64 51 -11 16 -62 -15 98 -62 -63 44 25 -29 -73 70 46 14 27 -46 -10 -81 7 -79 1 89 -34 -2 23 -27 -94 
-12 -75 98 38 81 70 34 -89 86 -76 51 100 85 -35 20 -1 54 0 -25 82 -86 21 -4 76 -2 13 5 47 -67 -69 -36 24 -16 21 -60 53 -90 16 2 38 57 -39 -99 -29 -6 73 8 -44 -29 -43 -89 -56 -10 45 24 -47 6 87 -8 38 -52 1 64 -51 15 -81 -90 -17 82 -49 18 -57 28 -5 -31 -88 58 68 50 73 38 -85 73 -28 24 -27 15 -44 -5 -45 47 -19 -57 56 42 -39 -33 68 -71 -77 
7 -21 85 84 22 93 18 -34 22 -4 -1 54 33 -34 -43 -46 89 -85 52 65 87 17 -30 -37 14 -20 68 -90 80 49 25 -43 74 69 12 47 -11 -3 -95 -40 41 98 49 90 85 4 -70 -97 6 -99 91 -54 74 90 54 4 12 77 60 -42 -68 8 84 99 53 27 93 -78 -39 46 24 -4 -22 22 86 -31 74 35 40 -49 -77 -9 -68 -93 16 -34 -48 -23 58 -81 5 55 -84 33 -35 -15 42 42 -17 23 
-98 31 -41 -11 -28 -1 -40 71 -99 21 96 39 63 73 37 -88 -57 -54 11 -35 90 -51 -2 -69 -9 36 82 21 -95 4 -49 5 -49 -90 -38 -61 21 14 -10 -97 -35 84 67 84 17 -25 60 39 41 88 -19 10 -75 -74 -5 89 -40 -45 -54 -2 3 -73 30 55 -45 29 99 -100 26 -48 -99 70 11 -42 -76 75 55 64 -76 54 86 -95 12 8 3 17 -6 -89 74 94 -3 3 -45 -37 -52 -79 41 7 -54 -84 
-82 -46 -23 72 -45 65 23 -19 -7 -8 -4 16 28 83 31 -12 53 -80 -71 23 39 76 -4 62 23 -91 -61 -32 26 56 -7 -82 -48 27 -26 -90 85 58 31 -87 -28 -98 -40 25 -62 -92 -68 -74 96 -96 36 -48 -38 -27 -50 -85 82 23 -83 81 60 13 94 -29 2 77 49 -71 27 -77 90 -42 -26 -48 11 86 95 100 62 82 -87 -29 -91 68 -41 -3 7 -2 -37 -67 -24 -90 68 -37 -63 81 -27 -4 22 -34 
66 32 -38 20 -4 39 31 -46 5 -81 49 -38 -39 73 40 -86 -17 85 -81 32 -49 -10 89 -86 76 -41 35 -61 35 -69 -70 -30 -49 70 35 12 -43 69 -87 -5 90 79 31 17 -67 -77 -96 34 -27 78 11 31 -68 -34 70 59 52 -42 62 -45 -47 -56 22 -16 -84 -96 59 -24 92 -76 82 -1 89 35 79 -74 -75 -26 -29 35 32 -43 46 64 -12 95 12 23 -56 43 -61 11 -17 -78 -33 -15 2 -83 -38 67 
-58 -92 -10 -66 63 97 43 -36 25 16 -15 -27 100 -63 -36 -13 82 35 -33 -72 -29 30 65 -84 -97 90 49 66 72 71 -23 -81 20 19 8 -12 -92 96 -83 31 57 88 -78 87 45 -63 31 35 -81 -14 38 -83 -17 59 -50 57 83 62 87 -20 -43 15 -73 -100 17 21 26 28 -75 -86 6 16 69 4 78 -34 55 75 50 -25 23 29 -87 -82 -56 100 -46 -89 -75 3 81 -24 78 20 -48 17 31 -42 -60 -14 
-52 4 -32 61 51 -64 96 51 94 -26 -48 75 24 10 -37 -51 34 7 -93 -1 1 64 -18 -66 -29 -24 38 -66 -37 -89 28 95 46 -97 -72 -51 82 -72 15 77 -93 -84 -93 -5 -36 -50 19 59 15 -23 -57 26 -57 55 -67 7 -16 34 30 -35 -87 80 86 69 -11 -64 94 -76 34 -89 -41 -12 -26 -36 83 52 72 56 100 -19 -51 -57 -61 -12 -7 -80 3 -90 89 85 53 90 86 -51 -95 70 39 -77 -97 47 
-79 -40 57 10 -81 -4 -34 78 40 83 -30 42 -58 65 -61 -40 47 -97 92 68 -12 -31 24 64 52 -58 -3 -73 53 32 -40 57 70 -92 -90 -75 41 48 -2 57 -63 86 -21 65 -12 56 27 86 13 -13 -74 41 1 -93 -4 3 -43 -61 -45 -13 -57 40 -31 -61 -88 47 92 98 -63 -15 97 82 -56 94 56 77 95 69 -48 16 -23 70 36 15 -70 -14 -46 11 70 67 67 -98 -19 -81 55 55 -37 25 78 -26 
27 61 -5 -99 -55 -36 -43 84 -41 53 -89 -6 1 -29 40 -96 27 17 -29 73 -84 72 17 -7 33 97 85 38 -55 -96 93 -73 34 61 -56 15 -24 -90 46 -31 7 -77 -88 83 -15 -97 -94 9 -19 -54 -19 87 -72 -34 100 59 63 -58 56 -70 6 15 62 -2 -80 -62 -78 -93 82 16 -53 -7 75 54 -69 -29 3 47 72 31 51 91 35 -31 25 -96 76 23 57 -18 3 84 73 -80 37 -18 69 -16 -67 -21 
37 74 -25 -71 58 87 -90 -82 -95 70 19 58 -90 67 -47 -100 58 -46 -43 15 -92 88 25 60 -25 -62 -50 27 -97 32 -28 9 99 25 90 23 -48 35 6 89 54 23 10 -76 -80 39 98 0 32 20 -18 42 -96 -16 -42 -76 -34 -21 89 66 -5 -18 -13 -7 -74 -30 -7 -40 25 96 69 -76 24 -87 1 40 -88 47 87 35 1 96 46 -76 67 -98 70 82 -93 -25 -12 77 19 -69 -42 -94 58 -16 13 -23 
56 14 38 33 15 90 76 -15 -29 -65 97 35 23 -42 -2 -16 -2 47 46 -75 -10 78 36 46 11 73 89 -99 -35 78 -3 9 -41 21 -52 -64 28 16 -52 3 -84 -77 85 9 38 11 67 -18 -70 86 44 10 88 -46 10 -2 -8 -72 -85 -71 -73 -41 -84 -30 -99 -100 82 93 17 -98 -47 66 -75 55 -91 24 92 64 52 88 100 -17 4 96 11 -95 57 -88 100 79 -43 91 -74 0 71 -62 16 -78 7 45 
-35 -95 9 68 10 -74 83 -58 34 -4 56 -94 -66 -54 46 -3 -25 -10 74 -18 95 -72 -85 13 -75 7 -60 -18 -13 -82 100 -89 -72 90 80 3 -6 -89 -61 -43 -84 72 -56 -50 67 42 -77 7 -65 89 41 47 60 -9 -27 -11 -76 85 32 59 -43 -1 17 -30 44 -1 55 81 96 -83 63 45 -76 -13 -76 -62 46 3 -81 -1 -9 -96 47 -89 -4 3 51 53 -13 -8 75 -81 -3 -39 9 17 -5 -55 1 84 
-77 82 -89 -57 -31 -59 50 68 -81 -10 -23 -18 -100 38 71 91 40 36 6 -22 16 84 10 99 -75 -10 -7 64 -4 -19 2 -58 -14 -38 -26 69 54 -85 6 62 -76 -92 88 34 -29 -69 84 -44 -79 28 -79 4 -12 22 45 37 -42 -47 53 -29 26 99 -15 -10 -62 40 -82 -15 47 23 -3 69 -44 43 -6 98 29 71 72 12 -96 -68 92 5 -3 55 -6 -25 93 18 -15 98 48 -32 -37 -56 43 23 36 -14 
83 -74 8 -19 -48 -80 10 33 -12 -42 -94 -19 -28 -46 -51 -80 57 54 -57 -89 63 -71 15 56 -47 -53 31 98 -65 100 -9 -17 -18 34 -69 25 20 29 65 13 -19 -3 56 -63 -61 27 -87 -91 49 -50 -19 -4 59 41 -91 -84 94 -50 25 57 -86 -88 2 -71 -85 -92 90 -25 -92 -53 -13 -67 35 -31 54 -43 90 -6 34 82 -20 -31 -57 5 -99 -58 -64 3 52 32 26 4 -54 -63 -42 -58 71 -31 43 28 
-87 72 -20 49 1 -25 77 -49 33 -21 8 25 -71 82 -82 83 95 -37 20 73 16 41 47 -19 30 77 -45 -3 -41 100 -77 -62 51 -90 -99 12 42 -12 37 -5 -46 63 -58 -28 -38 26 67 73 -24 88 -65 -29 -65 70 -69 67 3 -51 55 -15 45 -87 -61 -44 19 -70 75 10 -28 -80 100 -95 -16 -92 -78 -15 98 18 -11 -84 -91 -77 12 -2 64 -74 -16 -8 -6 53 10 -98 -24 -62 44 -4 -23 73 16 -71 
-37 -20 -68 -71 51 -4 -33 89 -34 -8 40 -56 52 23 -92 86 83 -97 -42 28 -64 -79 79 -60 -39 -81 50 26 -15 -62 28 -82 100 17 6 99 41 65 43 -73 7 97 23 19 -32 63 -50 -26 -73 -72 70 -63 -30 -52 81 100 51 92 84 -44 -59 93 22 71 -77 -57 34 -9 -60 -65 16 79 -54 -39 30 -18 90 88 -72 -7 76 -75 6 -89 7 93 35 37 22 -51 47 2 59 -69 -79 42 56 6 3 -37 
-13 83 -7 -72 94 14 -60 62 8 -38 24 13 -10 89 -37 -92 -87 -63 -71 -78 26 -28 57 -60 -69 33 94 8 -99 -53 -56 8 -50 -26 -97 -52 -49 72 63 63 64 64 36 -12 -33 -1 90 37 52 -100 8 -69 79 -49 -3 10 4 -100 -91 60 -11 -47 55 62 -42 80 75 70 -85 -69 -83 -35 38 -18 -20 -68 -11 -43 54 85 2 -37 -9 -84 -82 77 -75 -10 -79 61 80 -84 97 8 41 70 55 73 56 98 
26 -25 58 -57 81 -88 -84 -80 -70 -94 12 -77 10 -95 -36 7 -37 -87 -70 -73 4 -47 -75 -23 -59 -5 34 84 -77 -11 13 15 -31 -31 61 52 15 -98 -67 -69 -52 -94 29 -66 -84 71 38 96 58 12 59 22 -29 -92 84 -77 32 -2 59 -75 -81 64 -39 -23 -91 -5 84 -35 -80 -64 -33 50 -31 87 98 -50 11 28 72 -27 -93 56 29 -3 -71 39 70 93 -50 95 94 -70 69 -94 97 -15 5 8 69 -80 
-7 44 21 -17 88 91 -85 34 72 3 81 -7 100 -21 29 72 17 65 -58 50 100 18 50 84 -2 -12 -21 45 19 59 -44 -26 -83 -42 -97 -7 28 95 36 37 68 82 96 36 19 15 -87 63 -10 79 -32 82 -16 -25 40 35 -67 92 80 85 57 -89 -81 12 -65 -35 -53 -36 48 -44 -14 -16 -82 -69 24 40 -86 91 -79 15 -79 -35 -70 -77 -13 80 -96 -74 -21 -14 -24 90 16 -88 74 11 -51 -60 -76 80 
-47 -47 -63 -3 48 21 2 -86 -76 84 64 28 82 13 -90 -25 55 -4 -69 -27 -58 94 -54 -26 73 57 95 40 -89 -87 -79 -76 98 95 22 68 19 -55 -10 44 44 -81 -64 -95 -71 -13 -35 -69 33 -95 68 59 25 43 -69 51 -12 3 79 44 87 -90 -30 88 -85 -42 35 -7 51 -81 -69 -97 -17 12 -95 79 57 -25 -85 42 -42 -60 -41 98 85 37 -87 45 -41 -22 48 28 -82 15 -62 -42 70 -94 -44 3 
-98 -44 62 23 100 29 -78 0 87 58 -76 -55 -53 -62 8 34 -97 94 -79 21 -61 17 78 72 -13 35 -17 77 -85 79 -71 -96 -74 -34 5 6 33 -58 -18 60 7 0 12 -66 -99 -69 -73 -73 -36 29 94 80 43 -48 -5 94 -94 -91 -48 -9 -50 -38 70 72 73 -22 -57 41 90 56 100 20 57 -17 13 -36 -37 -48 4 -99 34 -72 -79 -16 -51 -35 86 30 21 38 -73 -73 -15 34 37 -7 -18 53 -24 -99 
87 -74 -52 -48 49 -2 10 44 -17 -10 -42 -41 -57 90 27 32 -26 -32 51 36 -94 -61 -46 36 -97 84 -96 -96 100 14 -95 76 -62 -31 -60 23 91 -4 93 -65 -90 -96 18 -70 -37 28 -97 -39 32 -48 -86 -93 -20 -80 -79 91 53 -60 47 -28 100 -49 -47 -83 8 0 16 24 -84 -7 78 36 -22 -19 -36 -90 -5 75 18 23 68 -96 -75 -75 -91 8 -10 -81 -41 -55 -47 -62 31 63 32 62 30 7 87 6 
-31 97 68 40 -20 13 -83 -71 -68 90 -21 -54 24 56 16 -8 -50 18 7 51 -26 -81 5 32 70 28 -55 57 -65 -23 -88 36 -39 18 37 92 -97 -87 62 -68 -12 2 48 -5 82 39 -56 -18 56 65 94 41 -68 -90 14 66 11 16 16 -28 26 -63 -85 37 65 -89 -34 9 -77 -41 66 48 -88 30 89 65 100 65 64 -4 -7 -83 -36 -25 -67 -7 19 81 74 18 49 -100 -61 -6 74 -14 18 90 -8 94 
-84 42 22 -98 -76 -92 -4 -71 44 25 -10 99 -76 12 68 29 59 -36 85 59 -24 -20 -73 21 68 -86 -9 77 3 -98 61 12 69 -72 -74 -50 -20 48 70 -20 -98 29 11 -47 -65 9 0 -80 -39 6 90 28 75 -61 -30 5 -12 29 18 8 49 13 47 -70 -65 25 -95 26 21 -41 -29 -99 -34 51 35 -81 -92 70 -95 56 -89 -93 -40 -15 0 -61 -14 -62 81 -90 -30 2 43 -73 0 12 -36 30 41 78 
85 93 5 -8 -33 -59 -91 -8 -76 -1 36 32 38 27 94 -71 -82 69 -79 32 -60 42 -79 -85 32 95 -95 56 4 -79 -44 -63 -88 29 97 18 46 -59 -94 -47 -88 63 -23 58 -25 -77 64 -71 -60 -73 -93 99 -51 -84 90 -24 -26 -41 -62 17 -77 -74 -93 -92 -32 36 -73 63 -57 -13 4 -70 91 98 -5 58 12 15 7 -61 -96 -12 -22 -83 46 34 41 -28 75 59 63 -97 -83 -87 76 19 91 -60 -74 14 
21 -23 44 20 -68 -12 -35 -6 99 77 -32 58 -2 -22 -88 -35 -62 -66 -36 -81 -60 -92 -50 44 45 -35 68 -50 -46 -52 90 -72 1 -77 -56 -64 41 55 53 -67 -53 51 -28 -17 13 -40 -80 -94 -84 -94 -93 45 53 -39 -85 30 80 -22 58 80 -74 -59 52 -9 -31 -93 57 -4 91 90 89 98 13 49 -97 -5 29 -33 -77 -35 -46 -25 -40 -55 -55 -65 -85 82 50 -75 -90 -73 59 -7 -48 38 -1 1 -98 -18 
-100 -67 -85 45 51 78 -31 -4 -7 -72 97 -40 -1 -61 89 31 -54 -74 43 -14 2 86 -42 24 32 -50 -96 -15 -10 -21 -4 -71 -15 83 64 -60 -82 -46 26 -33 -32 -80 -47 56 -85 80 37 4 -99 49 -27 34 85 76 -45 -96 -46 50 -19 61 61 -86 80 30 -100 -10 -5 25 35 27 70 11 76 46 81 -38 71 71 -80 -1 -61 -75 -29 61 62 -51 74 72 -52 -64 58 -83 83 -68 3 -86 2 -64 -66 -24 
-73 -70 -14 25 -27 32 -84 -50 -32 -4 -84 22 -7 16 -77 91 -29 -46 56 41 80 2 -21 -6 -74 -29 -9 -29 -81 -3 -54 -41 43 26 1 74 91 -33 28 -48 -93 -71 96 19 52 -76 19 1 32 -27 17 91 -31 73 -25 74 10 46 33 16 -38 18 11 22 7 -70 5 11 -16 64 -13 51 74 -44 -35 60 -70 96 38 10 -24 21 -84 97 25 77 -14 28 44 -38 74 40 -65 -90 84 38 -86 -59 -39 -29 
50 -96 90 -89 -49 -71 -9 -89 76 -70 39 -76 -48 54 -63 16 30 -69 -73 -76 -42 33 -23 -97 10 -39 63 -1 -38 -73 -16 99 7 28 -12 -84 -13 6 -95 -58 -37 82 -79 -78 85 -11 -46 38 -33 8 -87 -3 -20 -1 61 37 -28 -60 7 10 -96 -3 18 -73 63 85 21 -11 -56 32 95 28 95 -20 52 -99 81 -57 -80 4 10 -90 -1 -32 -54 -58 92 96 62 7 -21 83 -81 63 75 -46 -23 -41 -91 -38 
-14 -76 -1 -14 89 59 -62 -17 -21 -35 40 -45 -75 71 8 40 100 45 54 -66 -24 29 5 75 86 -5 60 -35 -94 13 17 77 28 20 68 29 72 91 30 -27 -88 -44 -35 -56 4 -23 -24 85 42 -66 -26 -86 37 65 -61 -86 -1 5 0 83 -34 11 16 -23 -61 -12 -99 -93 91 -39 5 64 -32 6 -85 -84 70 -44 7 -37 -58 19 58 30 -51 65 75 -63 20 -17 25 71 -48 11 -38 -47 90 -53 92 89 
-52 13 48 -70 -64 -91 76 18 45 47 -59 42 43 -51 60 -61 -32 -55 44 10 32 -64 -65 -33 72 24 37 93 53 -93 59 -88 -44 53 -85 63 -2 -78 61 -98 25 -79 -62 52 -75 38 -31 39 -28 -36 31 -32 15 29 -23 57 -96 -91 52 -32 -86 14 -39 85 -73 85 -71 -11 91 19 93 61 87 -1 90 -26 -7 22 96 -93 -72 70 -48 -53 17 -1 77 -4 21 45 11 37 -36 -30 -9 43 37 38 62 -8 
-88 -64 49 -60 75 18 82 91 45 -31 -23 -9 -23 3 89 -80 -13 -4 87 32 -61 90 32 68 -9 40 -58 21 28 -94 72 85 -52 -61 92 41 10 -89 78 34 -100 -66 -72 40 -54 62 23 85 72 -82 91 -58 4 80 -30 -57 -49 -67 11 -55 60 95 -69 14 -24 93 -82 -4 -62 -88 -54 47 45 -30 -18 -87 19 25 -37 40 79 67 50 -18 44 97 -72 4 -98 -34 68 -46 -31 95 3 76 -50 39 83 64 
-36 -55 -47 -2 -13 -55 -10 87 -96 85 -66 41 3 10 71 -89 19 5 -60 99 50 -80 -25 -34 -15 72 22 70 35 -45 -32 -12 -97 -95 22 -51 1 -46 -21 61 -63 22 98 19 -96 71 -55 86 -65 -42 -71 -19 -3 94 10 59 57 -59 49 16 -72 97 63 73 -64 25 97 44 -47 -13 -60 -43 73 -11 17 36 24 43 -82 93 94 -33 50 -14 -8 6 49 31 -7 53 54 39 -26 -96 -70 -81 -61 12 -84 -60 
-60 -65 62 -3 -68 -52 50 14 46 18 -37 -58 4 -64 -5 -23 -2 15 -87 -6 -64 -47 57 -22 -66 16 10 30 -82 55 -23 11 56 52 87 74 48 -37 -80 -46 79 6 -39 -37 95 91 86 24 32 35 -13 -93 65 54 -94 8 -73 75 91 -14 21 -7 54 25 58 81 53 52 -23 -3 -25 61 98 32 -64 98 -81 93 82 80 79 91 39 64 99 22 87 -5 -16 -13 22 66 -3 85 -53 -62 -1 -7 -94 -32 
-41 -35 -71 53 -68 27 -42 -39 98 27 86 75 60 49 73 -59 -63 -73 -95 78 35 -66 -98 92 -51 -9 31 55 -18 54 -67 98 50 74 -68 22 -42 38 -62 -56 -33 -67 80 -31 -6 22 37 13 -95 31 -55 13 81 74 -90 -41 79 -34 -91 27 -38 -77 8 66 -82 -80 -99 -85 -31 -39 -43 -2 43 -98 -41 13 -67 40 39 77 -97 98 -40 -29 -8 -67 53 16 99 100 10 -28 -62 49 76 27 -13 64 53 -39 
98 -98 -94 -76 -57 -88 90 -31 4 -74 56 63 -36 -12 48 27 49 79 -99 96 -87 98 70 57 -62 -28 -51 70 -72 56 44 -30 -37 96 -85 -82 -81 19 -73 23 15 10 32 -73 -7 -50 63 33 -28 -44 -47 -37 -95 52 -99 -84 56 68 5 81 -3 91 55 43 85 -50 -83 -56 -83 73 -66 51 68 -54 -74 80 -60 91 -49 -25 32 -94 32 62 -48 22 73 48 6 -91 -10 68 -85 95 10 43 -72 30 4 51 
45 62 -88 -64 12 99 45 86 64 22 85 82 15 52 27 17 38 30 -18 -51 64 -29 -97 -24 -30 -16 32 -38 91 9 -48 -56 8 -87 28 53 -32 74 -55 22 -62 -100 64 25 -29 -57 -78 66 -36 28 -81 -20 -55 94 -40 -90 -26 -6 -16 18 -10 -99 76 -31 -88 -53 12 85 6 -25 -42 -1 86 -21 -73 79 7 -18 -53 -34 88 -40 57 -9 78 18 -59 -4 -23 -88 -17 71 73 27 -86 54 11 -39 86 -86 
-26 57 23 -48 -24 -90 -25 -97 -38 53 44 29 -94 -60 -80 83 -31 17 89 -76 4 5 -48 -10 -81 -20 -9 8 92 -79 31 17 8 -39 -43 88 -38 2 29 83 80 74 -38 -38 98 -86 -13 28 -20 82 -98 -4 85 97 -100 34 64 80 51 5 -45 21 39 76 18 -28 71 17 -39 -32 -22 -24 27 -68 -43 -82 -31 28 -70 -4 -62 -55 5 -6 -60 48 61 53 -24 -47 -72 65 52 -52 14 37 -53 -45 43 -82 
6 -91 -15 -45 -86 38 -45 69 -97 -3 64 42 -7 -44 -97 -34 13 3 -47 -23 81 38 -88 75 -49 15 96 -75 -84 88 -79 41 -52 84 -21 100 -38 -85 18 -43 -59 -29 0 18 81 -75 92 54 66 99 100 64 35 47 88 43 -22 92 -3 -22 52 89 42 -50 38 -76 55 -93 44 32 -76 -11 -81 -40 13 -43 56 -59 18 18 1 -76 -41 -56 5 -64 -30 -48 85 27 -79 62 48 75 55 97 24 98 56 -58 
4 95 -55 -45 50 -21 69 -53 -4 56 -67 93 -37 56 -63 -13 8 41 3 44 69 22 21 -29 47 -83 -41 27 73 47 39 25 66 35 54 46 -1 56 -99 88 -96 -99 -75 -99 -74 41 54 17 -59 -38 -99 55 96 49 -96 18 58 47 10 61 -3 44 -7 -2 -79 76 -37 60 -33 57 63 88 -38 -62 9 -25 73 50 52 -60 51 -72 -32 4 -29 -7 -55 45 14 -83 -34 88 40 18 -29 68 -47 39 54 36 
-79 89 27 -25 -54 -97 -5 85 52 100 13 25 -88 34 -46 -20 -24 -71 -84 -74 -72 6 -71 -9 -44 57 84 -83 49 21 56 36 -82 79 -81 -11 -4 -50 58 22 38 63 -78 -4 61 49 -93 -40 -62 -95 -17 21 -51 -68 -27 -28 -5 -69 5 -91 53 68 -89 15 64 -60 62 66 -18 42 48 -92 99 -70 66 80 32 -47 14 -80 -80 22 -23 -34 12 6 -83 -80 74 62 -49 50 10 15 -78 -17 60 84 -9 -26 
63 62 -89 18 -48 10 -42 68 -28 91 -46 -28 -33 -61 6 70 90 10 42 16 21 -4 41 92 -93 62 -10 4 -88 70 -29 99 32 79 2 -90 47 -44 23 -40 -56 87 -30 27 -76 -35 -59 -77 -11 -69 15 -49 -100 -14 -83 -61 -73 44 11 42 95 -36 -64 92 4 10 20 26 -61 81 -100 -85 -11 32 -7 -65 49 8 39 64 -77 56 -96 15 -46 -96 34 56 7 -52 -82 -8 99 20 -67 61 -92 72 60 -100 
-35 -83 32 -7 -67 -8 -30 -62 42 -46 49 21 47 -57 -90 86 -86 -63 -65 39 97 94 87 14 67 -4 11 8 -65 -98 -34 33 95 -15 -21 40 100 -76 -100 -29 -60 -17 -100 6 -95 -35 74 -18 -11 -17 -72 -63 42 -81 96 -72 21 60 43 -25 77 42 85 -96 -71 -80 74 -33 4 18 72 7 -82 -56 18 -83 -45 32 -28 51 -63 -51 -66 -10 92 67 -33 -96 -34 -93 -50 6 6 69 -53 44 37 73 -51 93 
-86 -17 43 -28 21 -10 -54 -69 -78 -33 79 13 -11 94 42 -53 -28 -73 36 -55 -98 34 -18 4 39 47 44 -83 47 14 23 -54 1 44 42 -12 54 77 0 -58 -26 62 41 34 74 -24 -87 100 37 74 60 24 -68 5 -8 8 -77 59 15 86 21 16 12 12 -30 -26 58 -11 -75 12 -14 34 63 -2 97 -2 -74 -100 19 98 -75 -34 -40 45 87 74 73 -100 71 -33 38 18 -9 -84 -74 47 -58 44 -50 -30 
-92 78 -97 4 12 38 71 -69 24 12 24 -74 92 28 -23 -27 89 -20 -46 41 13 -29 -42 -50 69 38 -84 37 -61 47 52 -59 32 -33 -96 42 -53 -17 -14 23 54 -23 38 12 -31 -13 -77 -59 79 31 42 16 70 -20 -62 -49 71 -79 49 39 69 63 -68 -48 -97 52 43 -79 12 -78 1 38 13 89 -79 -87 -86 -87 9 3 45 -96 -98 -85 -32 99 -6 -23 23 -28 -58 71 27 12 -20 50 -35 58 15 43 
-46 -60 89 -72 -38 27 67 84 51 -62 -82 52 20 0 -24 84 -90 -8 95 69 -91 41 38 1 -3 -77 80 71 18 -88 46 98 30 -40 55 97 89 -36 -99 89 -9 -82 56 28 25 -45 -92 -45 48 -38 -35 76 -91 -77 -25 83 -87 -52 -7 44 -1 49 94 90 74 9 29 -45 41 28 78 36 45 88 -17 -53 -99 -24 -50 -33 93 50 -48 -68 -35 -69 78 68 -5 62 96 -33 3 -90 84 -85 56 52 -100 53 
100 -1 -21 33 92 24 -38 66 -11 -31 -59 94 15 -90 -30 32 -6 8 57 -63 25 -41 -30 7 -75 -76 34 58 74 -77 -58 95 89 -19 5 -15 -19 58 -99 -29 -15 21 -57 -6 12 58 -67 73 -100 97 47 -6 -30 -15 0 -100 -27 -97 92 -48 -4 -96 -48 -68 -17 -26 -62 77 29 32 67 43 -63 51 -41 -23 25 -74 -72 -72 61 70 30 -29 -1 -37 -54 -31 8 20 100 37 13 27 -10 -35 -78 94 -58 72 
-62 -37 72 78 -35 -81 -50 68 26 16 -48 68 -78 20 -64 89 -1 -57 -82 -33 -97 -93 -61 40 -5 15 -70 84 9 49 -62 -21 -35 -41 26 -95 84 -62 -60 47 -49 -11 -12 90 -70 13 -73 93 4 12 -46 83 50 -68 96 68 -65 16 12 -77 59 -52 10 -16 35 -45 6 8 -39 -74 13 -77 -52 9 1 -87 -95 -28 -47 -53 -40 12 83 92 -6 13 -52 89 -14 17 52 -94 -7 60 -68 38 -36 -8 -50 76 
37 -35 -4 -34 -72 0 -6 9 65 72 94 91 -17 -40 90 -92 14 86 -59 -75 68 -75 33 -22 68 9 -62 14 -52 8 0 -80 17 45 -17 81 54 -74 59 -26 13 79 -93 -2 12 89 -52 75 6 16 -17 37 -55 99 62 66 76 -87 -65 49 70 85 -11 -48 91 6 11 17 -46 95 -3 -24 -65 -30 59 -15 -85 -49 2 52 -14 5 34 -50 95 -28 70 -3 60 -96 75 -98 -92 -14 -48 67 -32 93 28 50 
-89 40 51 72 -82 18 82 -19 18 -35 64 -62 -73 -33 -26 -18 -93 81 -62 -63 40 61 78 -33 93 -100 -34 -57 37 94 -22 -92 -6 5 38 27 -27 -76 -41 35 62 34 92 -54 -21 36 -16 -95 -23 -16 17 6 32 -24 -56 66 -49 -91 -10 37 -3 -33 -4 21 -71 85 19 62 54 -43 -74 19 80 59 -65 20 98 -25 97 14 -23 100 13 -18 81 -62 66 46 89 -9 -85 -95 71 -46 -83 -80 -67 -72 -54 -87 
-5 19 8 11 20 -25 -96 38 93 67 -79 -21 82 62 32 -47 71 -23 -39 92 -28 79 -72 -21 39 31 -92 14 5 -87 -39 -96 36 -9 20 -76 -88 41 -29 -17 -86 93 -30 41 16 24 -27 95 -84 -41 -37 18 -11 47 -92 -46 -95 -39 10 -79 61 -4 -9 -51 -14 -52 92 -87 -29 94 37 -64 3 -25 1 99 24 18 -22 97 -54 -9 29 -72 -39 -69 81 15 -6 6 97 -7 -81 -68 -6 94 -98 -66 94 -71 
-47 81 -97 -98 30 24 52 15 -72 62 71 -10 29 -24 -55 64 1 -84 80 -86 -9 61 2 -74 71 -22 -66 -24 -24 -65 -4 33 -35 -94 -41 -17 51 -33 18 -13 5 35 29 77 11 -38 16 10 -84 -44 96 -65 53 26 -80 88 76 38 1 73 27 -80 7 -48 89 58 -38 -5 -55 -19 -53 -25 -15 -23 50 -27 -35 -38 39 15 -49 11 -43 82 -2 59 44 -41 -59 10 39 -74 -88 62 -4 10 3 -13 -87 -74 
-98 -1 32 -16 -51 5 -96 -28 -79 -63 -7 -30 90 82 -3 60 77 -92 81 42 -11 -14 -35 19 63 26 -51 57 60 40 -6 58 -90 21 -92 67 89 31 20 65 75 12 89 -83 16 36 43 -52 18 -95 98 -78 -38 -47 -98 -2 -13 -24 66 -4 -30 21 -90 71 65 -51 80 -95 50 88 81 -27 -88 -55 56 92 -79 88 23 5 83 -33 100 63 -75 13 -29 -94 -88 -31 -73 -54 -2 -19 2 -61 1 76 -82 74 
-29 10 -27 -76 -42 20 -39 68 -100 -70 9 -44 -91 72 -11 31 -5 72 -73 -51 -48 4 -42 -61 67 88 -55 -16 -99 -59 -28 100 -9 90 -91 -10 88 -16 80 90 -91 -29 -47 -20 60 -78 -29 -5 -28 36 -86 -71 -82 -14 58 -17 -98 -30 -56 -20 -36 37 -86 -30 13 -72 78 -59 12 50 26 62 -18 -82 86 12 32 84 62 -95 -21 20 88 -33 -54 34 65 -1 -88 -10 -93 20 94 3 -51 48 -34 -33 36 -93 
36 40 52 -65 42 -3 41 91 29 -66 -92 -10 52 -54 82 16 12 -14 -93 -97 41 -39 30 39 -42 91 -22 33 74 72 55 -33 10 31 40 34 77 -18 -93 -96 24 77 -91 96 66 -54 2 82 68 -42 58 58 29 -9 -26 -73 86 -66 83 -63 66 -62 -2 -76 64 4 99 96 -7 8 74 16 -16 -50 51 -48 -66 -67 -83 50 -95 -44 -54 89 76 -59 76 -80 -29 -68 61 -3 92 -59 -24 75 -30 28 -78 56 
-34 -14 -3 -25 -35 -37 63 68 70 -82 28 75 8 -70 29 14 18 -7 -71 78 27 -36 -10 -9 -54 -69 -21 66 83 -75 -90 10 16 -59 70 85 -10 7 47 -40 98 48 -8 -51 25 -80 -68 -8 20 -32 65 39 -80 73 31 -60 -73 -96 -9 94 -99 15 -72 -74 -27 -36 5 -61 -98 -82 -93 -85 45 54 26 28 -53 -99 89 4 -71 -14 -89 -71 -52 -11 99 -73 64 -26 2 51 -100 93 82 -66 16 -100 -43 -13 
-23 30 22 49 -13 35 7 0 -66 -38 -60 96 52 22 38 1 13 -56 62 17 -28 56 -59 -26 -84 -17 49 25 -73 -75 -50 58 -97 94 14 -66 -88 -84 -1 21 -39 69 87 -88 -45 -2 70 100 -74 99 -32 -36 -50 20 -21 -8 -21 -59 30 98 60 93 91 -40 43 80 20 -13 0 48 -81 -62 -71 83 72 -30 -13 10 68 -16 -95 -9 -72 21 63 68 -61 30 -6 -18 31 3 -20 -75 23 -65 100 87 13 -3 
10 -65 34 9 49 -18 -22 6 27 -48 65 -1 37 -59 5 -41 -62 -70 99 83 -34 -83 -54 6 69 -57 72 -18 -81 -4 -18 47 10 10 80 42 -74 12 75 -2 14 -24 33 -42 -80 80 19 -49 -7 18 64 -90 23 53 48 -70 -94 -73 79 48 -75 53 -91 -38 -25 68 -30 47 -12 10 -39 93 -48 -100 92 89 -84 48 20 80 66 85 49 75 -29 -4 26 33 -85 -67 83 50 -87 -1 98 95 -12 -42 -6 -34 
0 -54 -43 4 51 -82 75 62 2 -75 41 62 -97 -67 85 -21 35 -43 -86 8 -23 -11 -98 37 94 11 -87 -100 -49 67 97 0 70 14 85 49 -36 -22 62 -91 86 80 -36 94 -45 -8 79 -51 66 -29 -12 -62 -74 97 -80 -38 89 64 -20 87 -98 68 -96 50 42 20 79 44 -7 -28 -50 72 -88 -28 -10 68 20 -19 -39 72 -33 19 -38 -68 6 -95 12 1 -68 68 46 12 82 -100 1 -36 -90 84 -71 58 
-64 -65 42 -39 -44 -18 84 21 -23 44 -11 28 -35 53 72 45 -2 15 -64 42 -59 -59 -98 -12 -27 98 94 0 -54 -26 67 -9 -42 85 -79 98 96 -44 14 -67 90 26 -97 54 59 -80 -35 29 -12 28 -38 -55 -91 72 99 53 -68 11 -99 63 -92 94 -71 64 8 -29 -54 57 -6 -80 -13 -43 -25 -88 90 -91 24 -98 21 38 21 -60 73 -85 8 -8 69 34 77 -46 31 -97 -76 -19 7 -86 63 86 -93 -85 
-61 -63 -70 -89 -19 57 -41 60 -20 31 -86 -40 -31 9 10 -86 -54 -40 69 28 85 47 55 -17 -20 16 13 37 -91 -12 -75 -16 76 66 74 55 25 -32 43 12 71 100 39 -56 62 -33 92 -71 -35 -81 -32 83 -61 49 -54 80 -41 93 -42 99 -68 27 -57 28 -4 -32 54 -52 31 25 -14 -19 -74 90 -81 -35 -55 60 36 -52 -17 -38 77 -8 21 28 -42 67 -97 81 46 -80 -34 -17 -29 58 -13 -75 -41 66 
