100 100
2803 33612 24832 -45529 -39926 13051 23174 4321 32225 -54507 49048 3081 -20950 -14363 -8376 629 7821 47522 25339 15748 21687 2749 28409 -4010 -70825 -85179 -26459 16151 -12339 -1253 -36931 34096 -39866 -11660 -15777 58829 6360 10474 -16404 11393 16093 28748 -65421 9120 -11260 -42983 4159 4484 65055 -44581 45631 -1584 16838 7795 34896 53461 -18337 1757 5076 -33779 60646 42125 -51044 41472 41391 -14809 -17195 -10354 -44218 23188 40766 -51725 -10026 -21032 -35059 37648 -51352 -49159 15155 -38151 51292 -46753 -52858 22040 29144 3844 -19688 47638 48411 33660 -9170 15178 -20199 38731 -60518 13245 -17188 18870 -29683 8864
-9882 -1970 -25449 5752 27213 -47247 -9344 -64225 -20295 -80120 27083 26636 58725 -35972 -37927 -28409 42156 -20367 -29057 19531 -28757 10163 17152 -1613 11619 61700 40356 -39477 21242 8483 -4901 -49987 -36413 -2498 12056 -41279 66370 -7912 -15423 -21696 7242 8358 1924 12952 41942 -18118 41261 -14803 -1194 -24401 -81153 23398 52432 -45505 -31530 -5970 33535 -10585 29170 -70291 43937 32943 -10215 -29462 -4200 17374 -14777 -4055 -20872 -39713 -16586 59260 10542 53010 -16271 -8532 29814 25046 4750 -42300 -65463 10525 -12580 19880 -9706 -24326 25310 21528 6188 -59797 -11537 -25548 -9951 7468 3809 15682 32909 61514 20015 -24285
-24151 73212 10134 10017 26979 -38400 47977 -10526 -31623 31501 -19433 46416 58915 11569 30925 14540 -28731 34127 -17832 -49714 36998 -488 -39358 18402 8673 -26646 8062 14183 43069 93282 18133 -24402 124 34601 -71742 7381 7335 -6072 5182 -26187 36902 -6171 -5077 16241 36697 22568 -38597 15431 -7829 2968 3678 44972 7361 -1867 -11784 -12026 39676 -33098 -28251 12358 -23834 30718 2068 -40672 70181 10007 4315 6065 6837 59126 56639 -26263 -61555 -38255 -13025 3623 30425 7847 61425 -20906 -33384 -49212 -20025 -22268 -18049 -1211 4230 27680 -51345 25798 82118 22477 -7289 -85515 10397 -8913 7156 16799 -20831 43990
-14277 14022 -97048 28916 15767 19123 -29939 -16006 -41013 7360 14197 -45321 70353 -45064 -106595 -11801 -24423 -14269 -30656 -46534 -20470 21105 -30776 -21335 -39939 11200 18575 48661 34584 49653 19014 31833 11326 41099 -10915 -67454 6063 -25592 9151 -12528 18359 -11426 -40094 -54046 -18934 286 7164 -34070 -29831 -66273 -32420 -2894 -24987 -32061 -14774 -580 86718 -3056 8657 -12397 -19725 29084 25795 -52554 -53655 5857 4917 -696 -6238 36727 48823 -23429 -24774 -50156 30067 33281 55455 -12612 -10391 -29645 -54824 8413 11246 -8900 8678 -17230 21196 -52815 -10459 -14429 46968 32332 -586 -19345 77404 6990 -561 98044 -6760 2485
-40655 3873 12249 7972 -7691 -37703 44627 27331 30364 29712 -15360 -20996 -14480 13812 44219 -25992 58806 -21951 50520 -50052 -46283 -331 10577 -5947 -27196 6799 5549 -46206 -4960 -2488 61583 3764 18988 -34968 26348 9213 38302 49436 -13512 1697 -2125 8130 -32868 5784 -24401 -39889 -19184 19747 72686 -7748 -3269 -5035 79408 64255 -5586 -41453 -4470 -56116 34821 20931 15544 5346 3737 -25474 18990 17000 -53721 -13659 7714 -14859 4136 4625 -440 -11633 -24861 -27776 -15360 10501 37213 16284 6404 13423 -3814 -46246 31006 38803 9445 -4217 12129 6002 -2002 23221 -43461 49259 29731 475 35195 3382 -4177 47029
22193 4018 -29310 10185 67592 24452 6688 11045 58296 -24256 -36041 -29738 -17310 -13748 -16769 11401 -53435 7552 6368 38177 22177 -42372 39702 -16302 994 -32736 -46187 -26812 11655 -80863 2578 -22055 -44584 27137 -25945 8721 -26976 -17413 2137 -20773 -78158 -20908 13113 -27381 -25359 -29999 28175 1746 8864 29494 -662 -6238 -2639 52859 3321 -69504 39886 21348 83863 38596 39365 -14452 84807 751 -33889 -40661 32780 42917 16458 16965 -27477 -5969 14457 31008 10549 22528 -67465 17931 -22973 59277 -14812 29735 -6150 -9093 42863 32316 -9489 -36950 32484 -11793 -15751 34325 -14323 51283 -3282 51612 -55264 37273 -71358 20643
22449 -24906 8527 -15802 29968 -28617 48236 2914 -14637 -38800 92800 2533 -55162 45142 47651 -6292 -6603 962 28609 58784 5869 17260 11000 14387 12899 -17412 17618 -68954 13827 1530 14173 -8263 -80395 43837 25698 52733 28635 14 3607 35012 -22409 -11604 61404 -23233 -39254 16715 32484 -48176 25724 -11868 36610 62907 -24641 56799 18242 -13741 -43121 4394 -4328 -40431 -30158 32006 -8935 50520 -21643 2861 60078 69590 17645 -33433 48713 6734 -43204 51684 12083 -41637 -49750 70759 -2335 -12628 23184 5400 -7801 -21709 21340 45628 -73615 26202 23371 28879 5392 -65421 -4748 58706 -25914 -31569 53596 -70059 61681 40545
13003 12486 25441 35965 14310 -12056 -39895 -2801 -25384 -49265 -21233 -24270 -869 -54228 -15696 -22237 -37310 34251 26936 48016 -6587 13025 6307 63541 12553 35359 34708 -33848 1897 20800 -31325 -166 -33053 49766 -2389 7486 -3083 -6882 -44741 -14957 -17571 -3112 -43898 -22443 16934 -13209 3565 37169 31796 -33151 -5165 -5066 -14141 30434 -19200 44618 4720 -3075 -10909 28304 -19631 -5741 8387 -12443 44442 -70449 25747 20971 -3913 -7953 21108 -4800 56412 -50177 74758 6884 -5682 14595 -19642 -47458 -5699 -61884 -5450 19955 48769 29172 -57238 8004 25242 39630 21196 24384 -9656 21498 -2928 -15019 14083 16558 -11230 61890
11869 -34764 13681 -32652 -30006 11302 -19166 -2523 -16587 -6506 -3011 -1981 -19421 8839 25466 -15493 -48058 6958 1343 4852 -22256 43692 -59516 5046 11801 17973 11074 16663 -6270 -8822 -49102 27288 35931 26758 -17596 4199 4658 27194 -36183 -15074 4861 -1293 -2149 -34515 -23163 56479 -41748 -27562 -31937 -28505 42113 48930 -21500 -14553 -23807 -3765 -9570 36836 -73230 28860 -8828 40359 -6705 22624 18994 -14551 55986 13381 -48579 -9624 68862 -44318 -76064 -17451 71779 -16193 33996 -56959 -13349 -9458 16564 -51600 34034 -22272 33868 -60137 961 -3322 -4356 -34416 65847 -42343 -74693 -39087 -24250 -43234 -302 5630 40474 25668
19853 8135 17085 43673 -1629 7222 -1555 2421 18349 8459 1571 -5627 -13578 30066 -47051 57177 -123 47952 13322 16553 48638 33095 25842 -30691 64063 39267 -77035 -44223 31539 19755 -25296 79462 25017 -59448 555 -12361 1268 -47115 -20087 -11627 -21619 1996 -19775 93858 9584 -24833 55031 -55961 35662 50045 -12336 -35061 -26904 -14354 13270 -47348 16076 -69292 4175 -4875 36192 24766 2681 -75739 46433 20538 -36949 -32214 34004 -29974 -15105 70357 -12158 54988 45227 -54630 18962 -54319 -13801 17694 -11698 108562 43726 24830 -30332 -21098 5986 -15573 11308 -4872 -23404 -29381 76107 -21807 14307 -11418 52170 -26442 39446 1735
-6370 87734 27061 42933 -11159 57361 33236 23016 -21953 -28377 27416 -18090 1152 -31206 -2890 -20218 -38082 58438 7999 -57088 32595 -31006 -61298 -49975 -15452 18342 -50795 -54292 -11152 13807 48728 -25247 36902 -38511 3972 15341 -13997 -4890 23474 -1129 -22745 -25400 60869 27968 -26390 -30555 -43524 15590 43766 -23195 -44108 -25918 -15243 -49894 -28716 6729 72943 20509 -20802 1856 -57268 -2245 31171 -43899 -3516 -5354 -23046 -53110 -53047 45304 -35984 -25108 -18478 -33406 14620 -23929 -4166 -404 -15824 -50660 -46980 -40541 -12920 33506 23253 26307 -24164 47112 -30604 29315 53052 12081 -51571 -24723 22536 37476 24333 36552 -13540 6230
-16152 4622 20723 26039 -34763 -25863 -10528 -47312 39251 -18746 -53656 41110 43744 12400 21408 12926 14535 -10296 22865 -18591 -28059 -6720 -18959 -39604 920 -15891 -51119 1018 -34803 13433 -23775 -7031 -44226 -4026 -16160 51336 26484 -41629 5941 -15020 -22239 -4532 -7452 46519 -90191 -31189 31740 7253 92814 40551 50867 21262 -1617 -36273 -6174 -5243 45156 40789 -10697 43146 -10674 5160 -2795 -31560 -61748 57883 639 27030 -6696 43220 -1024 -50212 -58882 49026 -70755 13987 -5458 -25376 9287 55010 23208 -21165 -10836 12785 13954 -4270 22433 9976 -29509 41826 -42748 27992 96 23881 33295 27859 -56471 14689 -38982 -26734
-467 -51372 6630 18820 -57188 -63879 70441 -6666 -38134 35428 -9391 34963 10573 23095 -15765 -9306 62549 -18953 -16021 -16192 -19172 29573 -20502 -17780 -7910 -14342 -28929 -27570 -43553 -49835 84128 27068 -5547 59579 -36868 31290 32797 32667 -41066 3507 -6898 19236 -58510 53588 83819 -39511 4877 27027 -6210 61559 82040 12285 -10571 -2264 -30602 11273 -55258 -56033 56922 11260 19283 -42510 14057 3158 19210 18325 -3518 -284 15175 -26292 -39808 28479 35091 24027 62647 18664 -24671 33565 85722 -4211 40457 -83858 -65799 -42853 26109 -13242 -24556 39466 -3641 26904 -28665 -11380 25515 19533 -1059 830 -34739 -72416 -50165 45634
85553 47789 -65623 49006 -33802 -23345 -60179 4786 9990 27011 -38488 -8118 -14383 17621 25442 -19597 -50951 27570 -19750 8329 27143 15347 -3698 -38992 5075 10157 -26135 22551 -47072 -17435 -35833 -30784 -14574 11963 -74864 8471 -30338 28824 44994 -21102 60194 -18558 56181 -45701 -33307 8602 -15464 -15021 -50722 9711 9264 -8637 -22781 7973 34461 6962 31985 45759 -65266 26234 19524 66375 5493 -36125 77178 -8495 -25069 -33014 25717 45226 66163 21481 -44383 -36766 -8359 -9915 61514 2544 18777 -10291 35149 -34690 2118 -53401 -15745 -3665 2598 21756 -15673 -6449 16479 -44765 11475 18097 2583 28337 55289 66699 15649 -32134
31975 23791 -15423 -8864 42784 -64443 -9379 -20679 -16486 -28013 -11531 -46043 -21506 17237 -12833 10589 -33072 25093 24396 26650 22885 -14191 -11986 -52113 -7691 5330 -8464 6770 -14701 -47735 11433 -24935 5985 -73306 2197 -11361 63520 7568 -20999 -4535 -15761 -29136 65518 -701 5320 9107 -47176 -19094 -53546 9571 3947 -5619 -42465 -26746 664 19545 12255 -6246 30749 -4955 8566 11938 34052 24173 7078 16306 -3872 -2370 -11300 -3230 -20777 -2872 -13728 -1368 -21682 7651 29659 15365 -1943 -5878 -41177 -24037 -23025 -20635 43436 17308 -371 37352 6481 -13806 47281 -24203 -93937 13641 25425 32759 75412 17445 -2242 -7090
-12622 9734 -19729 -16075 13340 -13581 -48574 -46110 -63250 -2025 11137 -39472 90944 12164 -26940 11459 -21540 -78024 8681 26850 -25190 50123 28016 -22976 -25562 -5102 31214 13388 -35945 8241 25479 -2218 -47139 22052 -21914 20078 47264 -20432 -46064 -8751 46669 -1477 -24290 -11105 -26713 -16040 -87405 -8166 17816 -56602 11522 39404 -17419 -43412 -40815 -8836 46756 5437 -33833 -26713 -20751 32958 56993 -85770 12183 -84942 -43299 21342 -42217 -25837 49456 -15431 25489 -11074 15771 -10948 77320 -21090 41112 -48723 -34476 -33828 -48390 -7526 39895 -32865 32805 -34836 -12368 -54552 105622 39017 -45509 -4235 13057 31182 -32841 57842 -88337 -39863
15057 8927 4988 11004 17768 22148 -58220 -16245 -8758 47362 10219 -18446 -10745 4278 -15449 -50293 -9151 -31876 34635 -55041 -27586 -21852 -13613 11643 -20371 -3062 3750 26640 -42868 -21501 6816 -7397 -4124 -4971 -29829 -14222 55212 29665 33465 12013 8030 -15233 7526 26208 -50937 12362 -14137 50358 -44188 -19994 -3232 5109 -31905 -16805 27836 28540 25807 44271 -76253 20725 -31665 3174 7453 -37535 -2037 -53042 -35670 3359 14711 -27179 28 24213 9919 -20035 48497 -18597 -22648 9492 -16403 -3916 11233 -11305 4890 46412 17621 -15349 10293 -471 -100489 -21826 -1465 -6674 19286 -52306 -1076 -27778 -5042 -20404 54714 -28298
22860 -39587 -13514 -38645 -6059 -12123 -30401 -4677 -43747 33835 -28100 -26377 9879 30487 -40724 4377 -41335 13959 -33346 23101 34823 16630 60105 -31966 -15614 32276 -35202 -31646 -5529 95246 46108 -10631 -18236 -34409 -43408 31083 20751 -23089 74203 -5145 6789 -33283 -5708 -21697 28030 9863 15702 -69865 42249 -6160 -7082 20315 8058 8965 32722 11474 -13360 8997 17695 2394 -66422 -15559 -23871 -58601 -4016 -42388 1601 -26278 59969 -54137 15737 -36269 -25377 -39525 35631 8475 8255 -2643 53849 12242 36861 9386 21438 17874 -3570 -62991 33815 -51986 22160 -22286 -33573 16028 -25623 23867 20430 -19135 17013 -20428 5973 -23013
-5863 31270 18052 7490 42736 15943 -48241 32202 -44131 5502 -61054 87472 14476 34594 -21795 10597 -21732 -47712 47066 -7387 -782 -38883 -21168 -18047 42027 -27106 44501 18811 43032 -23567 60402 -21143 62895 17511 -15668 -64993 9563 -15285 40525 864 -12511 14549 -5645 7487 -25737 9429 -2315 -18824 -42916 -9264 13733 -42399 -15615 -23332 -60217 -20480 -19981 -14775 6473 -6936 -31050 -64606 8037 2154 10458 -32177 -6700 -19699 -3217 24543 -23576 22926 41144 -10778 -31040 70799 -4891 16228 9459 -60478 61078 -41435 -25178 17910 -18476 3665 52012 46482 40388 -4430 -24028 -48655 28948 22377 -5683 31928 32965 -47117 53241 26206
-63849 -30818 -58943 -42084 11083 -19210 14059 -6364 7080 -10853 5202 4145 -46890 7205 -7633 -74714 20172 4371 -65413 -47017 3001 15941 -69289 -2689 -30299 -44096 -32184 15955 8400 -17921 -11501 -43254 -37570 -1075 12412 18778 60573 -8910 -24244 13820 14455 -17904 15800 -11755 30169 45778 -784 5876 2170 -20039 27010 44312 -4115 -19874 47491 66929 -11893 29513 46922 33997 59600 24257 -2408 44866 6606 3034 -29842 32934 -25 -23149 -20690 -62519 -39470 -15680 68270 79496 -46193 41098 -89828 34499 10988 47656 -37828 -38302 96518 -9458 -75187 -2540 -6158 12873 20318 41712 -46214 85896 21280 19464 -10480 79464 -13571 -53664
30104 24058 29943 -6666 31059 -2195 -1443 -9081 -2167 -49596 -3750 14695 -72676 -61478 -21418 -8427 41440 -70735 55764 17903 -40250 -8545 22110 2560 -14328 -25201 52639 29714 9290 -112896 32170 -50174 -18384 28886 -12716 7000 106915 19812 -36571 41617 -46945 67580 19840 26500 37180 -1113 -13129 -11275 -19642 -16268 -8373 31235 -29520 49953 -92655 -21354 -28575 -13965 66975 -48025 60538 -17935 -17427 43604 37851 3995 44727 -49854 -42757 -53732 -30768 42826 16080 52708 -36383 -34400 -4062 2450 3797 -9297 64645 6377 -8678 -22528 60239 42499 18087 51438 8692 -10721 33402 -36321 -7679 1184 -23986 15578 22420 24743 41911 -5414
35186 -10770 7303 -7987 -16837 -35063 34962 -14588 43703 -20665 -73595 52814 -77297 28997 -20511 10325 5414 -33004 18222 47839 -10370 28332 -48674 61127 -2104 -33732 -4525 5805 15987 -81012 -25981 -46063 -35965 45396 25260 -577 35668 -11504 -8356 -23124 -45203 36378 11502 91577 -44433 -1100 4517 -13640 31054 14845 85202 18868 15880 -2987 -16007 -77993 -709 14316 -42418 -19783 -6404 10566 -8991 45040 32434 46498 16401 51932 -12711 -24385 -42378 -12328 -31152 -9363 -31078 -54812 2165 -7766 -14460 -28407 -7643 22307 -5316 -1883 12558 26823 -11260 50787 -40942 29665 8339 2962 5813 75587 -32317 20969 -1558 -18278 49910 39508
-26890 -1754 -44692 4057 -15747 -1792 -79534 -47008 -18 -10050 -14592 28001 36295 -29709 -38 716 -1853 32740 23842 -2680 9119 -23393 -52896 -13936 6855 37742 -7369 -3084 457 47306 -15801 -25915 32144 26030 21010 -28870 -14944 3269 -22374 -21047 30482 -11633 48440 4958 -16327 14346 30384 15972 -4672 -5402 12155 -17092 -5197 -65257 13444 9728 -54590 -9428 8453 -3275 -12684 -23792 6994 74703 -62367 52639 42534 -6029 69954 -34069 36839 39438 -28057 64719 -62841 271 -15793 56005 -23312 -36378 54508 4348 -21062 -55218 4012 31993 -53548 38660 -15632 36072 -13536 -56715 -47948 30095 -25734 -36145 48989 -39428 10134 -12496
11162 -32235 -28918 -59060 18860 -19747 -12732 -6780 -1568 -27179 14127 29335 1003 -4131 -21313 46751 -16943 38934 3484 -29662 -56745 -17563 -9025 -308 -28973 -20716 -15479 9697 -18521 -52106 9560 2014 11790 -9791 33351 280 6176 33040 8957 -18211 1742 9209 -13028 -6842 -24859 47298 35949 14481 14180 29033 38593 -6916 11305 13140 -13137 21096 -60573 -60262 -29849 -8520 11383 -25107 -26578 50828 -41421 81544 47477 -25774 38100 17368 -52372 1205 -2970 16510 -17850 -5123 -48621 -37228 16928 84875 -6234 -22067 -33340 41080 69179 8702 -31589 21319 -18711 -17976 -67747 -26546 -39890 17628 -41295 -737 -26523 27556 -5504 23635
-24127 -43318 18429 -47068 -16605 17212 -41337 -44160 -12130 -48066 -60732 34241 -5450 21287 -4043 -57791 20344 -4479 10709 19055 -42915 14542 -46843 48099 -8947 2830 -11396 -11123 -1712 43302 -31844 2629 -23372 -19605 -8716 26312 -2081 24737 -6378 -13087 4402 -12337 -32339 37214 -43729 12221 25081 -21881 40237 16947 63516 52012 32074 -4187 5362 -40438 -13889 -21720 38688 40239 34691 -11725 2297 27123 42885 40707 13625 -35451 7125 -12045 -9234 -30177 -31266 -47671 -21415 -17932 -103553 -12194 -31968 12966 68290 -50462 29976 -40229 64504 -40059 -30796 28826 6226 -37685 2076 18049 -40139 9600 -3467 -58951 8086 5418 11154 -18519
-15719 29736 6000 -62488 71711 -20428 -42086 -31563 -63801 -25005 -102032 53244 30331 34473 -10570 14655 32729 -6593 50008 15776 -16554 22829 2676 13466 -32623 -18142 61507 24829 -23140 31311 2115 11060 68124 29692 -51528 -22179 -19259 14350 56391 16565 53973 -27806 -28961 -56640 18805 29991 35668 -33135 -1626 53604 28425 47989 26156 22947 -10295 -40156 -23238 -29261 -33930 -25169 -2615 -34844 -23348 -30694 25282 24803 499 21124 -17655 11550 -26036 26044 17392 -56776 -68739 -37538 -11994 4334 39698 8912 48708 -54716 -22776 -23529 20699 -62653 -3807 14513 -30385 -2350 -25626 23625 -47589 17056 -26946 -34965 -8179 -31517 -32360 30883
33084 -8908 56356 -41581 70504 -33987 26486 -4776 -60444 2317 18568 37225 7547 9703 26189 59526 44185 18344 24654 24372 36166 34180 21071 -758 -13942 -35836 -17793 -10510 -6316 -42964 14689 -18088 43312 -8971 -24612 6576 5660 -35291 -42485 32537 56857 7132 -29956 -1024 -3289 17275 -36492 19180 46912 6157 48017 -36355 -61380 -22169 -351 -3427 -33005 -32859 -51912 -40727 53125 2351 6536 -14926 12108 -11918 -8863 -71157 39640 51007 30384 -17599 26458 -2806 -11570 -9918 -17224 -22237 64126 -9501 10035 20742 -75688 616 24333 -26152 39968 3737 8866 309 -27209 10903 -59189 -4290 -18397 -9941 5798 -52791 -38006 8978
12518 -27008 22074 -7316 34089 4461 -2202 45746 1666 1327 42199 -6005 12198 -37373 -44854 15437 -16480 -10110 -60827 -15030 -38593 4815 -9723 48648 -38103 -26333 -17010 -35963 8854 27215 -24110 -1924 30351 11933 39188 -14717 83100 -1291 35134 -1994 2478 -9962 -25889 -23016 -41089 57352 9252 62246 -5802 -29769 -42562 -21766 1627 -80167 24556 -19059 -20635 -5893 -49982 -27913 21354 7697 -38831 -18691 -21292 -16539 2773 -81438 36854 62122 20056 28599 29499 -17891 41566 -24376 869 -50434 13632 -29455 -23752 23814 -1807 42081 33799 1992 -20623 -43520 -22691 33572 -3074 30166 24812 21404 -17872 -167 -43272 34418 47633 -7842
15759 19482 12356 11804 -37856 -42009 58153 -46234 14497 -2257 -4791 19771 -84088 -22556 33294 33383 23296 -5950 24700 15875 43245 -15829 -38568 -27814 40138 -3199 -32547 44480 -19586 -19818 -9948 5887 -83268 -8493 4466 11858 -14597 -47878 -12245 -27658 11852 6817 27391 32015 7328 -7604 -26722 40994 6644 6496 57568 -20812 -6857 32831 -33208 21593 335 39738 -46301 -41444 -64927 14579 57483 42329 29131 9651 -51684 34323 3348 -12067 -6444 -46351 26160 -22443 -23446 -30241 -7104 41712 35712 -328 3655 -7068 -12868 2879 -14000 40444 6064 35085 9671 35324 -11569 -12384 355 44642 -24088 -11162 5974 -56997 -30519 -7435
-6262 8596 -24608 41 31889 -28513 22252 29200 10381 61412 17623 -34274 3136 40080 -44467 16573 -34626 -19124 36020 44786 -20375 -9256 22473 -187 19042 -20049 -22734 -48307 34210 -46151 -27699 -13935 -16323 8088 17103 21403 -1887 24714 -44841 8026 -72026 -13251 43023 12367 64502 27659 -32267 24187 -34286 3256 -12887 -11149 -23983 7831 -36488 -36595 38121 699 36548 -21024 42374 55234 -19420 -12527 -5054 -11772 -18014 61238 -6258 -23829 -33301 -16814 -3822 49158 16363 40347 3091 20012 40737 12518 8829 -51308 -25753 -34148 69546 4481 1125 -10237 -25029 -5568 33966 -56651 3007 13687 36640 -10089 -25449 13741 32396 36101
-4706 -13896 41512 -44020 -12971 -53984 11026 -9645 -71571 18556 -46653 42641 24083 -27000 -515 995 1763 -40593 -58347 19292 -55065 31838 20668 22962 8336 22629 14960 -3583 47302 -18119 16638 15229 14320 -5627 49814 -37516 18482 19115 7441 -28263 1531 8072 -23355 30178 6349 -23015 5775 24597 -9226 -41616 33756 24492 37585 -18555 -17163 333 -21492 -14184 -82319 -18035 -5182 -37795 -14146 2958 -34746 -1581 -17294 22568 -25514 -3672 -6311 8848 6156 2926 38609 -40502 36929 -3613 -9966 -30823 -14128 -58824 44336 54464 -991 -11436 1615 17394 12985 30648 22595 -20554 -20829 801 -69498 7794 37095 -4978 83349 75111
5795 -76022 -35077 -8388 -23353 -17931 4267 -42736 -22091 -33332 13575 -39040 48968 54378 -28359 9933 -16732 -4209 5057 17612 -27672 -17862 -12791 819 21264 67977 -33190 -33516 11843 -14669 -26250 39486 -57858 -21763 -30842 42591 -84070 24961 27447 -641 68955 -59212 12527 8850 -26327 -57239 -12393 -6853 19867 -47552 37346 3939 55850 -3718 32417 26521 17927 26317 -16634 9824 -12209 2321 37906 -14703 -19416 1290 -6680 94190 34839 8398 21733 -36998 -17098 8398 37800 41939 26298 8912 10746 -2696 18689 5224 -21506 -9101 -19613 34521 38410 -36811 64908 32611 3782 -45704 1315 67907 8412 -11146 -18391 14696 59511 14848
-43572 -14335 -77049 6588 44880 -49747 -4383 -21282 -25836 60101 -33669 -32677 12394 8864 18419 22148 -13128 -14712 8377 -3870 -19792 -3033 40663 -44254 -4204 11734 38399 41053 7163 -44716 21921 58738 -22781 -36382 7162 32701 28537 17675 47401 -47602 41785 20068 31806 -31934 15844 5819 8709 42628 4985 -14907 8958 6148 8478 1414 34778 49065 -51729 -3833 -15647 -756 26704 14528 -14094 39135 -41764 7725 -63548 32342 3642 34191 55142 -1749 -29736 -26843 -50938 9035 81786 33397 43884 39829 -47791 -83476 27071 -24445 -30302 2656 33442 1793 -6138 -32660 -23566 3659 4026 -11590 -48802 28005 6545 13888 31352 33633
8415 60306 26023 -5873 25553 -24056 55002 -42822 13449 -7407 14850 -30301 -14541 -16520 -16763 -5943 -2519 59725 -11048 -84576 4508 31926 -30673 -8353 57276 -55123 49139 17696 -32059 61373 18758 -2330 1112 -16472 -65071 -2258 15035 9222 28656 -4575 62410 -55369 9932 7448 5880 58665 14291 18600 36954 -308 -66208 3631 13567 3832 -14334 38487 73649 -55301 31475 -8894 13428 -8623 -15450 29945 15405 13541 -40743 23366 -25176 -8258 -53752 -37245 336 -61830 -22613 4260 -3233 -38528 -52226 -36759 15671 81461 -19843 -16084 -6979 5048 67493 4477 -29749 -9667 -23932 3310 -88566 -24607 -1958 -19377 -3613 -22381 10896 -89789
-33546 -14144 -15588 -49964 -58797 -8387 -43154 18974 -38133 -30932 47392 27169 3390 -50878 5539 -1274 -13627 -29356 -18302 21461 -15183 38595 44652 -2102 -30017 -27531 -52545 -7909 -17135 25968 58315 -65976 -25527 34660 40009 -5377 4330 -42709 20773 -18030 -24736 -25852 27654 -1802 15467 1083 -11470 -27630 2945 -4297 -22429 17520 -48344 23043 44382 -931 -48054 43636 11182 -68260 21421 -6100 51519 53966 -64181 50197 43177 -50160 -33507 69751 -13090 -11793 64760 22562 5325 24339 -8321 67143 6618 26503 10825 -23120 -6205 48765 13115 -38602 -50673 -29977 -9174 -11281 -92887 9030 -13901 29584 -30468 8569 24038 4941 -55647 -31675
20191 36793 53020 29201 -54984 28113 33493 -12043 42303 36520 79368 9786 -39890 14008 88491 31505 23353 18483 13672 1527 18772 -10786 57971 -20972 43521 9458 19403 -26193 -42479 -70835 10018 -19099 10628 -15794 -17444 39383 -20875 26280 12098 55922 52832 50998 14119 -26832 16439 27701 -42534 -11510 52646 -4236 29612 28118 15195 -22850 -54126 -35757 -71361 63873 -49132 -36475 -31062 -13250 -17614 22703 11456 19703 -7595 35285 -5862 -11742 56682 36679 -45634 54075 -4927 -39220 181 3260 -14729 9175 8466 33227 -4047 -88433 37171 -38585 -13995 -8060 10804 27731 20842 -16984 43326 -2046 -85474 -43656 3232 -56094 66584 31
12796 -33950 -30001 -33398 -10316 -13029 -13672 5863 -2143 -41530 -21932 44733 -53663 -21208 47138 27374 -53137 -33725 -32313 -50814 18772 23464 56213 45979 -3334 3701 -15092 -27260 -21737 -23888 -55010 -18361 -23472 -44893 1593 46177 19178 -23570 10336 52366 -20129 -21093 58825 -23846 10135 14865 13387 43262 10381 -33985 -11473 76838 -3346 36031 39617 -37370 -29234 8310 18701 66027 -2670 23028 24061 -1305 18159 3924 8986 23887 6122 7546 -20920 -4654 -54355 -8167 -4245 7112 -7446 -33311 11426 41760 1474 -24665 -7342 62959 -16805 30628 -16733 -30376 27626 -26407 29341 69185 -20564 -16419 -20287 75182 -27724 31817 -4855 -22513
-33332 -10559 -21279 -35757 7666 -38725 -53506 -7893 -10278 -9683 -48891 -28474 1869 44701 655 -22880 -12699 5678 21890 54278 -92796 19691 14010 37844 -18983 -10950 -23117 -30483 26234 -48699 -71491 -35352 -11621 -40639 21818 37869 9589 25587 -23290 -64993 17399 34202 22642 -14860 -17478 -32811 -47651 21848 -48074 -1027 4555 5786 -34707 -13163 30679 40649 -52824 64174 -5240 36439 17930 5538 -3774 33114 -6267 -54016 -5611 30541 30937 8649 5649 -31626 16877 -2706 -24368 -15364 -74893 22671 -24227 47466 -18440 -65872 1254 34858 60248 10345 -32838 20064 -6540 26738 -8737 -42611 -6673 -10507 24664 -16289 10500 57567 58684 5106
-4331 -13061 36067 -31886 12331 -271 30972 -32772 19086 -52497 -9012 -51952 17157 -61590 -18757 -10417 9828 4433 10093 4677 -17156 26014 -37296 -13681 -24060 10257 -32389 17077 -24965 12519 23382 20627 20662 21995 10748 277 3545 15634 -21046 -34498 -41292 23376 -39452 35961 -44946 -22517 -22858 -13337 -4420 6363 -38845 -10367 -13723 -35671 44048 6345 44730 -15045 -26915 -29442 -3483 6125 -13417 -9017 -15992 1460 41497 -82251 -37605 20797 -4621 -24014 9651 21039 -15600 27293 9865 39321 49553 -2087 22199 9396 -19695 51205 5670 13203 35433 59570 -9997 39574 -14661 40452 -25940 -45691 16868 -1914 15660 29093 -38938 22391
-15822 -29385 -35374 -80383 -33079 -43155 -25234 11012 -9507 13081 -59714 62694 33664 48785 -3956 2136 -20403 -5298 14899 9061 -29763 7760 -25200 -6326 -17642 -9272 -16818 -52740 55663 -9068 26586 -62440 -6764 51769 5410 25245 11087 -26196 -3468 -12460 -51921 13031 -9817 25185 -34017 -4578 8632 -31919 -17744 46282 80928 29432 1975 10097 24636 -25932 -35315 32000 32552 -10851 11507 -15179 -1567 41801 -14774 2100 30178 -8133 -6675 -12514 18828 -34224 11649 63104 -2169 2579 -70019 55634 12817 54254 15487 28751 31019 -17580 46245 -36370 -33366 20715 10009 -54519 -68354 -15431 -5149 5385 4948 15019 12438 -3338 -24800 -1496
22042 45778 -47084 5738 7760 30290 -43083 32291 2707 -27080 31686 24008 -39031 22347 -13033 -18918 -4043 23958 2196 -35774 46592 -17676 18743 -1545 -40240 -7406 -30298 30897 -45724 -23788 -65431 -37351 40196 -7756 28419 17293 7816 -4988 46180 77804 -21001 7693 -22539 -9941 16675 -32287 346 -40723 -16062 40161 49174 15888 -26336 21324 3868 -17647 21478 36276 -3226 -6719 -4569 37865 -67845 -16744 70319 17158 63717 -53816 -37936 -8499 8207 910 -18558 7363 -13573 -16618 1236 -14643 13152 -12894 -5149 19122 -19891 8235 20140 -11265 -62041 4500 -13905 -55627 -20119 -42497 24666 29253 8841 1578 -536 73202 66840 18101
26438 -6688 72176 -9098 12623 -8099 30382 -38428 9455 -45024 19785 -41966 -31955 37742 69726 59538 19444 -12236 92771 5054 30275 15548 22947 22903 40839 -46614 12219 -17501 3247 42130 -40895 6063 -35943 25695 905 28593 44078 -898 -46580 -3445 -14175 -50571 13195 20063 32116 5416 48689 11255 67685 20688 -61042 7602 -56012 -26079 174 -69803 22352 -9169 -5431 28396 2787 8572 -12321 -55299 14321 11451 -61248 7961 -24677 26952 11776 57677 -31410 -23606 -27650 33696 5363 -43289 -19304 -51645 29407 22320 -10012 71917 -22233 25864 27492 36875 -31845 14710 26668 -35844 -48480 -11567 -37014 12896 -2555 -4997 -17751 23078
-11866 15861 -19267 -4465 -17656 54417 34690 24938 -2511 -53692 -10364 43021 -61338 37607 10044 -28145 -8763 -25100 -24163 -27938 60498 35340 31760 -17950 3524 20419 37462 -39015 -32287 -4575 -28768 2699 32595 15682 -19423 22683 31812 -43469 18377 -1366 -35331 51889 33291 -19087 -53101 -9560 25401 -17485 49291 29438 -58465 65024 -52673 -13159 45230 -34616 -55159 16671 -10838 -23032 -9858 -12575 11382 -57238 19837 -59889 83004 -6229 -1083 -25192 -19099 7766 -14444 11563 17549 -59638 -35616 11432 -8591 38799 -20135 13721 -12193 49475 -13647 71421 -20231 90079 -12038 -17667 8810 5592 38770 18688 -23778 44611 -14110 58299 15469 -30657
-5250 49048 -54641 -43362 486 -21356 3325 -31682 -30777 17539 -101707 62429 210 10826 16735 18526 -29282 -30545 -12240 -4049 19681 7214 -49454 31195 37047 17723 -12301 38841 23034 -30896 -22019 2687 -4801 1265 -91726 2036 -22519 -10382 27653 9002 -3988 -20980 46966 -9280 4698 52289 21589 71392 -46566 -2453 25278 36625 -2001 8133 11544 -51192 16674 -3234 4816 16527 13034 13474 8718 20897 17715 -26190 -17441 31860 33465 59661 -49877 14411 -4376 -41285 -72544 -10333 -44017 -14618 12682 -6376 -8731 1053 3762 -7555 561 17910 30060 -23043 -49687 42004 49271 -2084 -4099 -7292 -26194 -18021 -63272 -27960 -22917 -4633
-7197 12407 -24945 20117 44548 -19675 -57278 21285 -9886 -78309 -28288 20016 39244 96187 -13652 19608 2381 -535 21979 -27366 -32705 -57898 -7339 3472 36687 2429 31064 -14506 -36171 22155 -29208 9361 3620 -5637 -8323 -25801 60709 59630 -22120 -32454 27030 17551 -57929 -26650 8937 -11933 -7186 -10736 -16361 2809 53001 25746 28840 -20167 -14668 -20850 -43483 -41158 -3270 80853 -338 34558 -27898 3566 85094 -13339 70660 25512 43609 -43707 -18185 -51273 -2826 6233 30689 -4805 3238 -13816 33001 -30161 13662 -1180 -1746 -1841 71449 46986 -30012 -35120 18674 -24202 12597 -3598 9960 4303 28153 1503 -33832 27870 31811 10512
40718 1435 -14579 8663 2665 41439 26888 18155 19 -10868 17757 3115 -85499 -2255 42398 -55502 -7726 -36037 54605 2683 23990 23000 -60942 -10373 12784 -2857 42978 -1639 8548 -68833 3991 34843 -30885 -25657 16347 25572 11329 52853 -53327 -9363 4497 19211 41203 30002 -39417 34904 -26625 31836 42370 -67233 20953 -15665 7407 50916 7009 -33912 -8404 13999 31350 54394 20055 -42113 -47967 -6675 60412 33957 -27184 70062 -22634 -39435 -22218 6716 -49095 -25668 69448 -97141 38039 42982 -57688 4892 41822 -35688 17960 6762 44387 42291 -28475 47681 -48125 -36727 57922 -35437 -25856 39365 11001 33297 11010 -12773 4546 872
-347 12644 53714 -87778 3306 69155 20855 17501 5045 -71991 2260 10576 -10208 91892 35631 42628 47079 57137 46143 54258 22917 -33702 15658 11284 -28801 -30398 -49589 -18220 30433 52191 -74644 -9331 21050 -85419 24151 -47463 1499 23896 -28409 10541 39085 -1947 -64140 8494 -22816 -21936 27167 -13451 65235 31924 -2835 657 -5711 -6637 29001 -20317 13702 -21912 2791 -5844 9833 5722 -38864 -29769 8309 10173 -47513 -354 12128 23141 -52880 46433 -19066 -50529 8459 41731 -33105 -90948 -25574 -35387 9160 -13933 -28955 35529 14242 -22323 -32056 19331 -12875 -29180 13093 291 -36494 51120 -3058 -22051 42052 39273 6598 17873
-33202 -60984 -21539 -8953 -39795 -18440 37202 17024 23164 -15899 -4006 14033 -507 -24925 33700 -5155 28907 -24786 -48887 -6991 24381 18451 17324 -85228 8457 -57606 -4698 -2435 -14423 27357 -13177 50949 -9894 -34275 14324 54327 2388 59784 -30384 -43994 -24645 -4491 2982 37841 -40576 -12945 28093 19536 23318 -47680 24531 -30496 -14402 66688 37391 1463 46917 -29777 12257 42094 32051 28216 -2436 -13580 -34531 -13708 -6140 -6507 -3179 -4395 52908 -47253 -29777 8781 -7355 -14806 68069 1496 31093 47261 14483 -4056 22746 -17966 21110 24653 54161 -8666 -79817 14086 -29377 2630 -55892 -30308 19219 31737 -55936 -10900 -23656 25708
29316 -40181 21085 -123 946 45499 -35139 8486 32379 35475 -19376 -8226 3762 5718 -73432 -6567 48806 -51098 -22814 -3282 -7345 -40858 6623 -56 -12742 -22313 37618 -4376 -1666 -15957 34117 7264 -11948 18289 12470 47910 -15315 7317 14718 68270 -19573 -51425 -50606 63793 -19841 -47260 -8875 -31566 -15882 -21502 26067 -11952 11083 33801 10313 -625 54838 -32652 21585 -11192 25556 -5242 21019 7342 -23058 -86032 -49951 29971 -13922 19259 -1232 1698 76630 -1210 -24168 18711 -48790 -63396 -2633 -4945 -46175 9454 -18840 -23695 -55850 18831 57450 -11579 -7175 -33901 -1122 -30543 -11363 14009 54003 10805 -54003 -44679 -33018 22024
9372 22139 69289 -36411 15754 -25883 45015 34180 13251 9872 -28428 -47459 1967 -14198 842 -26357 -16530 17440 -1512 57331 -4110 320 -25383 6254 2433 13445 -12411 -50371 87688 73404 -30028 14208 -62828 -1259 17295 629 30530 -826 -78124 -20307 -80473 -11440 3360 75498 -4703 -22718 1493 53138 22511 59019 39895 22231 46155 24540 -24950 -32001 -4631 46558 9497 29187 -14109 -26388 -24294 -17681 -6247 15782 -23814 -46313 -12670 -25229 45568 34197 9165 25182 6774 -42483 -30655 22358 29525 -42236 36241 -5239 24593 -24998 17947 10248 7215 18339 -31262 30668 52781 -13348 -81256 13760 1317 -4125 65620 -64643 -2175 39733
-20557 -33627 -73369 137 -37530 -48017 6178 -10333 -28926 -35834 28656 17774 6383 2752 -23818 -61198 -55854 -8130 -30696 -13927 -37336 20561 -8336 -8969 -41791 14625 -35083 43990 1704 35640 7551 -35023 -37606 24133 3573 7098 -57568 -43058 -223 57436 -50495 4728 13857 13743 44572 43200 22568 -8321 -58071 32999 27943 26746 3347 -37871 25428 19425 -17116 9792 4417 -22733 13001 35339 -17944 37802 -12500 54404 8710 -1325 -35389 17365 -18 -26550 -80320 17698 1718 -2597 -20924 29685 -1996 19781 34248 -29021 -9462 -50224 11821 7342 -59591 32702 55866 44799 40790 -21349 -27317 41677 -14150 18320 10610 -11413 -55656 -34660
2226 -80748 9241 28074 -16028 -29099 12189 -18444 -9500 9429 -8854 -6725 16062 3395 6179 -25753 22901 56740 -13569 11526 -13920 71074 -30299 -7807 11226 -12749 -20332 -44049 -27023 -15825 -4234 28035 34363 2373 -21544 -14600 14748 -23068 -42030 -65549 33151 -29654 30945 6435 12784 5519 -8787 13255 13962 48580 -65360 39171 20524 10163 25696 -9744 17059 -14761 -48028 18197 -4303 -16421 51022 -14215 -40210 55233 -21724 2924 -20872 -23713 625 -22111 -27096 -17148 76230 -23120 79404 -47864 -24266 30478 -50106 -25785 31551 -17290 21143 -17614 54909 8568 -54148 -762 -3615 47954 -47565 -18153 36169 6935 19461 14295 -38760 -20912
-28121 -10965 -49888 -11266 -21564 27600 -10235 44191 -8949 -2954 -54424 -33943 2457 65812 -19954 -7147 -58192 8901 -14930 -31785 7290 -160 -1877 4388 36497 19094 -1493 -25378 41560 48227 -21064 -17544 -7873 -7792 -23197 50440 -55149 -17989 43177 19540 -25299 4186 37756 13242 40631 8484 -20484 5934 16149 -39551 14273 -17185 24661 41911 -37077 -26931 -21807 37877 68482 -6488 -8638 -54644 9741 -24722 42807 -14500 -20096 17838 -46703 -62352 -4721 -15273 -7911 31415 13533 -13239 48917 -1786 -14719 -33528 34728 22357 7131 14039 -32547 56428 31999 19421 17688 -13052 53178 -3667 34575 33940 46360 62395 -2260 -6152 22108 -42764
7343 -16629 40666 -21299 17940 -30706 53353 -54343 27962 14549 -29679 -3939 27656 75166 -55716 57171 10330 -13574 57103 56365 -27163 29318 8882 4070 58134 8635 13428 -9172 -4715 -1242 -31506 29684 16852 -8205 7729 -50816 -16395 -10129 -36478 -63123 -30688 50774 -54816 44208 -42644 -56194 11707 -58579 42131 15135 50843 8014 62330 -61571 5369 -106156 36866 -23776 3911 -19854 5757 24437 -11164 -68431 39923 10348 -3307 40691 22140 -40468 -37833 2900 -49389 12275 18813 -14300 21831 -28593 31620 127 -11447 8291 1128 -8335 -22221 20029 25943 66244 21478 -24211 5830 10336 18789 35440 -24993 -7107 59571 4947 10558 13367
-42162 9238 -33491 2019 16106 23069 -60937 38054 19764 -39243 -14890 48947 -10323 65616 9585 -34104 -22109 -27297 37166 -65763 -28219 -7315 12534 27176 16823 -49150 -25018 28994 -12604 -24222 -33637 -31008 58250 -25706 27082 6154 5285 37356 13123 37778 51929 -46801 -9978 -7112 25240 -23880 -17602 -26709 -60334 -5359 -9653 17962 -19812 29266 -15498 -29975 64884 -48867 -18796 -362 -36976 19526 -12364 -32819 17872 47690 6006 19269 1712 -35356 -50448 5215 16380 24380 10723 11273 12275 -39413 -60165 -6548 24581 85405 -7015 17713 46985 41647 10010 9409 -45956 44235 21057 -40189 -16706 -4217 30887 -46853 -33178 49520 49115 32998
-33119 82349 13352 -47381 -15882 64711 -16872 -32030 -13901 -2845 968 -44964 39098 9409 -2275 39433 -3009 23913 39253 -18589 -4926 -3972 -12496 -14142 47267 -31611 -28754 -30160 -36141 34239 10684 40309 -21934 -37807 -36165 -5335 10924 11077 8447 2368 63588 -53402 22613 -29844 39944 -30084 -15130 -8135 99184 -17943 8100 4868 -7464 4221 -24610 -441 -5063 -16647 70129 56692 -16466 -34222 -879 -43846 -7131 -16509 -79110 21526 37099 -54869 -3155 37375 71863 -12549 -7291 91767 -30409 -31883 -98923 -66062 44291 64859 -2070 40541 25307 -23098 16365 -38429 -50721 47968 42069 32945 37781 -12089 17360 -31969 -4124 2844 -31234 -22668
-19130 -51477 -24380 28612 2983 -49539 -8318 -41135 -55854 -2305 -32639 -23996 53210 21232 -6883 -40869 33621 -47642 -2867 -44568 -52223 14073 -56941 -25305 -18579 -17111 -9992 24300 -16873 -30749 15600 52748 7703 -15325 -24410 50550 -41157 95067 -20246 44278 48376 36959 -35241 53057 47861 25015 -17520 31530 -12191 -51443 -7798 -8096 19695 15760 -67866 -3503 19574 -64519 -3033 36620 75037 -28914 39079 -28323 -4868 -6775 -66973 15286 -25181 5661 37070 -4953 -40993 -1922 7654 -11405 11477 23244 -63666 -2808 39642 -16697 -46687 -84170 807 20377 77953 -15996 -2296 30072 10205 32474 -19158 42489 27165 15639 5727 -21960 -44037 44892
15663 33988 -22451 15670 7143 -11685 29213 -56258 75568 -8530 -16658 47578 -53948 36599 5755 26742 5052 60220 51050 4988 8069 -36198 -17165 -53059 47427 -57330 -42398 47625 27874 -1579 29688 -11217 -3175 8552 -2900 -20835 79417 -518 -390 -67283 -19009 2074 17829 38461 11728 -11946 23259 -38571 10248 44388 -3264 18980 -47618 -34075 20404 -44215 -64528 51873 -12555 -12698 -43421 -37695 -3383 62514 39247 8164 -11202 20074 18436 38410 -10758 15163 6229 24585 -27464 12036 -38321 10487 -3568 -53650 -36142 -8230 -52212 12123 17295 57339 23689 6790 -35250 59041 -1037 -67106 -40178 -9070 -2495 56606 4816 -17472 59212 49102
-62887 -32313 -29537 49259 57931 -31135 -32973 5707 29712 26909 -40528 34401 -29914 -29121 22113 -75746 -4566 -67124 9816 -44774 -31300 1584 -34392 -18002 34055 1852 44390 20303 29351 2835 -5654 32299 -8704 39815 37234 26427 -4373 -4474 -58870 285 -18782 -47694 -22887 9730 -2161 -38009 16923 5310 -16186 -33605 66425 -683 -16689 53790 17326 -8964 33713 -14325 24405 43551 35396 -9288 7893 -13604 55310 -38667 -12920 7249 23323 -15136 60882 -18293 25073 5002 -51339 51085 -7294 -26264 -1079 -12131 -8293 -664 -11141 16068 28662 83304 1384 24598 33548 -5852 -15191 -41400 -29455 47861 33554 18613 -37495 -884 12040 22980
18486 -4158 -58301 -11834 -44477 -65716 -33287 14277 -20556 36288 1210 26229 39378 -23603 -44269 47829 18430 -48870 -53606 -43310 -11963 -3081 73812 -14557 19679 13437 4282 -22246 -12207 -27978 46374 -3606 -15230 28419 13574 -1254 18670 -46601 39789 -6424 64495 37174 -11080 -85824 -16138 -16372 26519 -16268 -13535 -7105 -7921 -16095 10978 -14499 19303 18505 -34038 43327 12793 -47809 23029 -42454 13343 -11281 -73713 28141 -25287 -10805 11783 72296 3784 -31541 -13641 -11971 18308 -57246 46920 5619 20402 46180 -37277 23596 -13521 -46460 -556 -105791 -3248 -27592 72856 11889 36438 1935 -16914 50124 -26645 53561 22655 -7599 -72844 -9427
-48009 41441 44864 -15630 -35463 26043 11054 -7272 -29850 -9199 -23621 20587 38204 79086 -1006 25855 63733 35272 -13825 -38558 -910 -4252 57601 769 6837 -14179 -4265 -15952 -26904 47551 -6757 -2975 40628 56771 -19549 -26264 -36916 11 5394 -6691 33801 36246 -39729 25411 -22885 -65680 -46702 3569 23031 -6762 15600 -35422 40278 -40051 -88674 -12002 -64345 -10967 -51748 -9408 -67384 -66822 -12625 -19543 -48296 7178 14581 28653 408 -62045 -44861 -6544 19694 31140 23036 -46159 -23838 40752 -7344 18404 28546 18200 4536 27087 -7673 29738 26278 78989 -12744 80977 42055 57203 81259 -72162 -60329 -50293 3367 -46321 1551 -50727
6611 30837 -37119 36833 22447 -43048 -20253 -23250 -2174 11175 -38455 6828 16413 474 -60555 -6123 -10482 1538 17772 -56017 32566 -13091 -19517 -13928 -38538 -17080 -37458 23458 16959 45535 -31802 -34909 -39517 41236 -16483 19413 -5534 -25240 13924 -12331 -10462 -46861 -13217 37490 -79312 -32066 4926 20498 54636 4979 23823 -19577 36438 -27391 8658 4081 55920 2266 -3504 29264 33922 63109 44996 -22558 5027 29455 -34109 -30679 35544 13154 19025 -6205 -6190 -1243 -19996 21232 -19611 -29629 -6866 23838 -23487 44053 -43248 -34186 959 37678 5833 -9471 -13364 2854 -28833 4692 -72930 29207 27287 60705 17117 28654 -68814 -46314
-24623 -10181 -47955 -9066 -22282 81924 33749 1944 23135 -4249 18461 52396 1068 8759 -19374 -33914 -38463 49086 -2056 2006 38234 8782 -11780 -3534 11879 -39441 -43124 -12937 16337 -10180 42239 -41813 29392 21170 -25511 -10258 9440 -104739 -26987 -7602 -23373 45706 6901 8242 -35807 -2257 -10394 -30859 49163 8869 -47983 14249 3534 -1828 -18424 22790 26790 11516 -16236 -36221 3367 -40726 7748 -58237 -41360 12005 -18375 42550 -36222 -55801 -8045 -40449 -18424 35925 47384 47290 35301 -27459 12342 12544 8594 21233 -32446 37059 9450 -48558 44572 50013 23782 -1883 42709 -20983 14277 -43823 69795 22746 -40261 19550 44361 -1277
-21327 -5215 -55267 11809 10744 -66979 -31088 -89167 -25631 14593 13712 22051 43463 -44401 -42721 -967 10082 -34204 -2474 7663 -12909 29204 -25593 -20092 -40678 -36295 32025 46445 71739 86704 -68729 83322 -44910 57802 -77528 41 17577 -26784 26439 -14887 28159 -41595 -52611 -10929 -53623 67233 3940 14245 -29920 -39959 -8339 -50800 2416 -26287 -2867 41379 28532 -772 -28075 36174 38947 25428 -19054 -27268 -15963 -42314 -66377 22565 -12717 85157 77433 -33280 -46393 -72420 -9422 62666 -10851 -47384 18893 -3386 -58713 -16649 -24104 28510 -38998 42474 32116 -75308 -12208 -480 -21001 67320 9781 -33814 64416 83644 -64264 16100 -98700 -16147
-22845 8324 -55194 -45405 -24312 38524 -75710 43024 -24748 -37396 -24346 49923 -51951 -34545 -16240 335 -5795 -21424 445 60091 14411 4937 85361 8904 11990 -8352 -56430 10333 -19810 11241 -12120 -37367 3736 -8982 3297 9907 40916 -55190 -10663 14646 17293 12782 45515 -23881 -13533 -5426 27099 -49337 -26401 -36178 -660 -17344 -12381 15238 -15615 -614 -24937 13632 7747 -24998 21886 -506 -34455 -3678 -17098 30784 -25102 -4186 -4284 1311 -18169 -11068 18812 5689 -63291 3456 18620 -1293 -5314 23650 71399 -28152 -26865 35332 -8975 -28358 -10943 2663 66443 12277 26543 -31152 -7420 34069 -10699 5324 -32449 1833 8405 -19361
-18162 -21583 -80458 7227 24149 49433 -8535 18293 -32491 -5793 -44266 -12644 44589 18864 -23739 -34187 15774 -910 12392 5180 18134 35552 -49556 -35427 -65888 -2821 7221 -26304 35146 22749 40511 -1230 49883 53145 26842 -22751 -35697 -46245 -50152 24041 -83374 26947 9636 -44462 -45459 53985 78641 -3039 -16401 16404 -37816 20300 6565 -20066 34484 -43855 -16321 -53562 32517 -17654 14086 10826 48274 -4451 55183 10846 4702 -13517 4930 -15827 -32044 23900 -17014 -38700 -5798 -49546 -5122 6439 -16165 22892 -23026 6804 1239 -75557 -24589 31586 -59254 20697 43611 -15957 -14383 -3048 15589 34061 103215 10075 -13264 -20116 -65966 -2183
6284 -10846 13917 55135 20027 -34142 22408 2710 -2483 -24172 -21831 7022 -72649 -45069 -51768 29936 20318 78337 -7720 -1595 24430 29011 -33244 -10869 -45053 -18083 -10205 53143 71847 -38711 -31051 20019 6097 60296 -12890 -17651 31559 -23033 -45920 -13213 3448 38997 -26287 35610 -20809 -7520 59140 -35623 66176 50821 13925 -33809 -11775 -20640 -61052 692 2619 -44767 -40325 -18313 13205 -6035 -30529 4998 16097 69682 23797 -368 -10593 20765 -16356 -45414 -64042 -8280 -78819 -43913 11291 -2764 -26997 3204 -3081 -3427 -45035 -4579 7110 22724 -33313 40935 -12326 13666 -37519 24336 -7933 29857 -14182 -4261 34577 13959 13301 60299
14368 -2107 -41088 -35305 12309 -14920 -47845 -43350 -39987 -12383 -20498 23754 23551 24146 -40610 -27166 -817 -34949 29990 86567 -26325 19228 42438 36598 -80621 6302 37696 15901 8963 4521 -2870 -35387 -27261 23637 16330 -29532 -9903 50726 65510 39892 10758 58033 -48443 -21471 38175 -15020 -5950 -516 -62171 -19101 16336 -20156 10611 -878 -19446 -22993 -33473 -16815 72394 -19984 29261 -7962 -36162 65588 4024 -47489 -53935 32635 -68433 -17646 -22672 39580 23148 17215 -32383 39327 -10476 82378 24193 -50376 37874 -25330 29606 -16030 15672 -71866 13339 6777 13300 -51411 13631 57651 29467 -2173 -60320 -22355 28620 -64575 -23244 -8686
-4266 -2058 -3671 12246 -16813 -11959 33769 6368 43432 -23829 7034 -24395 20994 -24110 -13376 -74931 -23471 -13429 39223 5551 -24469 -30492 -53723 20613 -13821 42829 -4412 -53358 -26523 21932 52749 -52293 -203 14118 35337 2620 -31733 4718 -1148 34514 -79748 -6219 7074 65161 13679 -22432 -12253 7876 -6212 -10874 27128 -5112 -890 22375 6595 -15540 -1637 20568 20245 -25114 3512 -6559 4326 27984 -9523 -23415 -394 15415 -33408 -1511 -41242 -29761 -1208 9453 -825 -45185 -6220 88470 -2526 14546 -1675 26277 21166 -45009 7568 3311 19669 34585 22914 46170 18995 32550 2886 9002 -5583 -56323 27595 -29882 -8914 -19694
-63164 -18146 -54243 29652 -64179 10984 41134 32030 7356 -4996 67253 -4863 -14248 22791 76058 15599 54976 9457 -4950 -37157 42457 28737 -21168 -56235 15347 194 3416 4696 -6494 1233 19138 12417 90582 7160 4060 -40721 -25058 34545 4212 -30737 5146 21348 -35046 -11282 22341 -678 -4604 16341 16372 5104 -63276 -42678 -18829 22069 17869 -25671 41990 -27539 87803 -19383 59965 23749 -12441 -5631 -26369 57812 22368 -13612 -25675 28899 38681 -13470 -47449 -26330 -341 10175 43963 -3127 -49863 9256 -35768 3134 22145 -62887 18425 -54245 -27552 -36503 -4846 -54893 -28925 -45256 -19064 -8965 46704 36482 -6640 39461 8586 -20980
-36930 6429 38830 -9747 -48439 18097 35088 53455 12769 -31796 12403 -60595 28867 -1191 49454 20254 10949 25431 34145 -53337 -13684 -8558 -79231 -19309 9781 -18688 19622 -3109 -16177 11160 90662 -18988 61430 4873 21438 -55244 -24836 37926 -48516 -1021 18626 -5094 -50106 15204 -28730 25781 -59961 65703 44600 21539 16268 -25731 -21415 -20733 -13245 43283 -154 -31216 -18127 27515 -34178 -68189 32133 -3153 -12312 -2934 20900 23703 5345 -17840 -30430 -54166 -14747 -44229 55486 6884 -966 25862 -36433 25912 11758 16934 -7710 -26536 50033 -23472 -67229 -26294 -60209 730 14225 12838 -8115 -18846 28381 -55542 21458 211 3428 -1619
-57981 3381 -6370 -56445 17306 12099 3685 28351 3305 443 -20294 -8308 9025 106564 14029 79181 -23333 44385 19369 -32756 33281 32941 24791 29639 7773 -61601 18632 -1329 49225 51436 -120120 54240 23907 -39427 -4662 -6426 -37279 -14175 -9306 7414 7519 -21924 -19924 -3412 78033 85875 14967 17999 29928 -17317 -53534 16857 -3053 -13184 -17082 -17141 4602 -67364 -4417 33169 13434 1035 -29553 -5331 23367 -6375 -77796 19243 -10705 -8716 -7657 4245 -23975 -24506 41036 27154 12223 -80562 -38654 -432 11448 11400 1332 -175 -9660 48440 -11601 -14175 -20847 6383 6439 2789 38568 5449 -970 -44383 -16675 67155 3427 -4642
19265 -71818 21359 29047 32527 -32825 14504 32965 -44167 44317 -5440 -17101 -53672 -8577 -3891 28238 22657 637 -9986 1562 21161 -2787 -14196 9433 -54662 17103 14299 22001 56186 -10369 -32473 454 -31760 46328 46257 36056 -3512 70727 -38395 -31635 45481 9135 -11944 -12677 13480 -44558 -8140 39321 -47504 31942 30007 -5319 -43680 -30452 49163 18445 -6234 -28134 27496 69500 9169 50808 -13250 25666 12214 12886 19115 -3215 19317 -12518 38398 -32066 -135 894 -2004 -11868 1403 3503 7708 -22696 33274 -4746 56226 -32366 25696 -2521 -35571 -18888 -4710 -48787 12608 -6466 -46912 -9172 12225 14813 17109 -33297 -22720 6060
-59278 9999 -9157 -37699 10984 15504 36972 -12317 -25025 59619 -39158 7450 -19203 30729 -1308 43270 34876 49794 849 633 76597 -8495 -54118 -42650 -15673 -11516 -18093 34197 56810 61218 26026 12814 -21693 44497 -16800 14413 41075 -37708 40558 -21746 -40580 -4384 -13965 57517 8705 22073 76053 -25879 69026 39295 16897 21915 929 26509 -2374 -10871 39551 16686 10794 -73748 -32452 46985 17045 -6088 -20965 22977 -64601 36406 -42337 13043 8134 -23619 320 -41474 26392 -21514 -17663 15748 -33272 -1720 -30720 19513 55550 -35570 -52493 -15266 -11797 4064 -77315 -38793 -41505 6390 14009 41643 15305 14385 9156 -17675 15452 5069
15683 -31967 -32854 -8255 -14198 -10958 -23551 4621 -8880 44210 -21330 68777 32741 -13102 -74015 -12960 -20948 -22527 -6537 -14874 11969 -10720 22301 12982 -8039 88263 70336 40799 35076 -18472 57203 -20269 -1080 46864 1817 24541 20606 -838 63147 18420 -28668 3515 34147 -50906 -4409 9025 20477 -16744 -11373 25692 -25707 42136 13453 17063 12952 38795 -50727 -23651 -3076 -24188 -9246 -43638 42718 -10275 -95929 -4819 24405 -16088 -48582 520 -33845 -49034 -55020 6080 24513 -5828 16564 -1650 -6872 18533 -24843 -10698 64880 2530 -21088 21470 12555 -4418 -24556 -36202 -14641 20461 47198 -39827 -11947 2030 -5243 36434 41729 30715
-26613 5624 79966 -27987 52561 32822 7688 -6952 18912 -68746 -43735 -39451 17286 5966 72667 -15001 53942 7873 45479 59770 -34165 2021 10437 67452 55177 -22422 39268 7799 31120 -3098 -5613 9460 55063 3664 -53742 -13515 -1989 -10958 -40238 -45221 9662 -25745 -23175 -61659 6816 9094 -11737 9901 -40666 -27597 8991 8792 24002 34097 19370 -55019 -61178 -15071 -18737 -39543 -16554 -32742 -32403 9090 15327 950 40190 -6713 13129 -32764 1095 14937 15757 -14020 -2768 -22204 5021 12868 -16616 -21432 34517 8762 61369 84998 26912 71658 -26587 -9943 21145 31305 20040 -13087 16843 -36651 -40256 -39383 -23387 12052 35486 18421
-6060 11786 -6021 55930 8250 52132 -28562 -19861 -11762 -19690 -17212 21421 31951 -971 -44108 -35118 -28843 38853 -22153 55961 -28940 42553 -33700 -8292 -1061 -1925 -41509 29819 -50699 22337 4064 38971 43827 -2667 -764 -11940 -52013 18112 25825 -43125 -42536 5316 22537 19610 29179 23214 59524 -88170 -5450 -39612 6002 -6242 68117 -15950 -27354 -53019 -2070 -79645 8203 -192 44539 -12049 17424 -37377 28523 32336 7019 9560 -14030 -25340 -82820 -1301 -34463 -4900 -33969 -55694 -5840 11696 37585 -6473 55613 -47538 429 6293 10155 -39478 -11364 26464 34896 14366 10711 30684 15570 2858 -23243 -36021 -48489 -16608 -11742 8459
37751 -36341 54236 9671 16160 -24713 33270 -19477 9821 -31299 8948 -16670 -18162 -12497 22876 -38455 15500 -20728 -35180 42235 28328 5342 41046 -24961 -42196 -22809 -16130 -9832 -39733 -37906 8255 -35652 -74328 -4553 27509 61099 30987 13304 1174 45564 -4356 -23013 66042 38466 -30167 -68370 -31376 -41288 74272 18216 -6405 6653 -18808 37028 4053 -5563 50658 96937 -41580 -27566 -40831 -18296 30192 29083 -32792 9644 24465 21953 -48482 -14784 28679 -27081 30808 65325 -10483 14786 48748 33298 39427 -45643 24742 -3 -11979 6760 -38680 30360 25806 38528 -39146 51598 -640 5308 -56646 85711 -30171 40118 38796 -23353 17405 22693
13310 6524 530 18604 -18186 53961 -55493 11434 37585 15184 10599 -12754 46707 34714 -48885 -41080 -18665 21377 27593 -2980 -16563 -29270 -4587 -14244 -9969 27963 28558 -26637 8271 -41632 -24985 14840 1647 -17871 -25697 -49020 -44683 27419 17360 -3384 2350 9542 -47430 -42555 -65548 -18256 -69732 -7613 42692 -3714 17055 -31051 56522 57231 -13239 46282 25413 -834 -6315 -63113 -55205 7356 21323 -7341 3559 29181 44804 35640 -23840 -29088 -22238 -45113 3042 -30034 28295 -24121 -5869 -26111 -51252 28695 -16679 -10435 22070 14013 48290 4873 -27138 15418 39343 -3480 30185 26350 57072 34090 33963 -59787 -8520 9382 13261 36255
23597 10163 12468 14305 12225 31424 10536 39183 5093 16952 41546 -6962 -64687 -4518 17961 32023 35580 25049 -26856 14694 270 -56497 36503 -28710 26887 -39375 9382 -17840 -18139 50267 -34496 10260 9104 -46445 15520 -5359 -12500 43395 20923 -4473 90839 -24078 18241 -33874 -546 14962 -57804 -17099 -33001 -27283 -57604 -88938 30701 23465 -1390 3261 51295 12469 -30657 11336 58456 39665 -18235 -7434 62353 -40763 -44361 21567 18004 800 31156 -22099 12664 -9178 20402 15895 44702 -4463 -8164 -22297 -4370 18434 39420 20592 -5552 -8809 18566 -30109 1097 -49021 16825 -15951 8861 -20304 19771 17087 -7634 18017 31828 -24159
26954 -15077 6545 41676 -17747 49310 24152 61773 -8444 -49629 7129 161 22465 21340 -42044 -38864 16339 -13472 173 3314 17174 -16437 43011 -41425 -41957 -1247 -29236 -54929 -32646 13831 32176 35290 4854 -32300 19007 42627 -5676 -14712 62014 29724 30140 9633 35409 50949 -26082 -101987 41730 -79661 24466 -62175 5815 11140 16631 1922 -567 27737 12889 13494 -52130 -29223 -26964 -26647 36681 -61357 9557 -9455 8500 -34910 6641 -58992 32639 -5393 -18333 46071 56154 -72323 30872 -37816 18124 15777 -24352 4489 33595 48556 -109104 -443 48989 33848 41256 -1218 18052 -19254 58241 -37913 7508 42099 13403 18513 47475 -9845
47999 -22534 -39644 -48658 50915 -45988 43906 -32094 -64180 9524 10049 41899 -85330 31549 28585 -27694 -49048 -45313 21863 968 -26642 10210 38601 39509 -19844 -59692 35280 -3487 -58 -104542 -9933 -49431 -78344 84020 5401 35191 20902 -13649 -398 28700 18802 24840 30091 -29461 -22967 -36241 -23693 -5326 -3744 6875 44583 60417 -40640 50899 2859 42715 38143 12409 -36639 -29967 -23433 -177 -5232 -3027 -39727 -7738 67735 83537 -14613 -28381 -19871 -21871 31650 25479 43632 15785 -32631 20077 -28005 -11506 24541 -34384 -12132 24761 53987 8243 -44247 18403 32064 21106 14685 -45931 -27667 35577 26960 -35338 12672 1842 49129 39373
3741 -34551 -32470 30727 -4105 34119 22372 19009 22886 -27619 17359 -1687 -35888 -12166 -25081 -19577 9310 35008 18733 -12068 8865 19860 -61102 46274 -24143 25770 -18419 -11173 5114 28722 -22268 -15026 3338 28276 -24349 -31443 20928 -6037 -24546 20268 -25569 35361 34487 39435 -32460 27245 41156 26865 17508 -19356 -29600 -46654 -11124 -27180 40015 -28761 8510 -2134 -16352 -18215 45024 13377 31390 30133 71469 -37641 13623 17656 41172 23881 8256 -18223 -59478 -8976 -29428 -4697 -6752 13641 -6271 -25109 -15594 53890 -21870 42880 6336 42189 7887 23911 20349 153 13280 -19797 10349 -19056 6021 -10596 -17228 34481 65537 10642
-57905 -53286 -5602 22026 9818 6958 64442 15108 41394 46400 55733 3574 -22313 -17383 15223 -31701 -11837 -23131 48198 -55401 -43563 7999 24465 -15838 57282 -26695 -24520 -18547 -80907 -104473 22225 17310 39372 -13361 11488 1666 42940 -5403 19413 -11205 -14200 22494 80961 2607 -4189 23588 -23682 12963 32581 17324 -30315 22131 39785 33065 -20731 -33707 -30190 -16449 -17885 -38692 -25921 -30118 27180 -6641 -24054 50924 30513 18539 -14124 -18846 -37534 -27600 -20663 39336 -32277 3437 -24892 -7974 318 28753 -14486 29854 -24163 20561 9233 80041 28816 26682 -25316 13453 17075 14615 54369 -24166 -26131 6734 -26919 -30918 45195 22255
-2572 -41262 -36172 -68675 -37055 14126 -46179 -3834 -33201 2047 30398 34574 15105 -45998 -7498 67067 28783 -4340 3636 -56849 -13427 9147 33173 61296 -17177 32639 29073 -28103 21983 92 55252 -28461 46712 -2755 -2717 45736 -37195 46234 36183 44819 116367 49653 -46044 -16568 15476 21203 -13594 35029 29370 -6032 19313 -39092 24185 1279 26110 1279 -37450 -44834 16726 -9876 42402 -35605 -75292 15847 -31309 48108 -21717 -17575 60805 90850 26870 32577 -23358 -6523 -23267 -22920 -7317 -28871 -10106 30129 -11727 -17567 -42271 -9128 68424 -71009 -34812 -60389 -27077 -19941 -54005 21220 -26446 -45628 -70902 -11557 -12442 7285 -12760 25742
-9769 -14128 3148 -72350 45919 -27261 -57340 -2794 458 -54154 16575 -13485 29116 39489 1709 19537 -3608 -6405 84004 47682 -80150 -52875 -29159 66628 12428 481 228 -13594 53029 23726 18064 -72202 -3985 2012 -16752 11146 -33525 6471 8058 55094 29291 -29791 -47354 -6983 307 6216 -20219 17253 -44028 -4541 71735 -34114 -17390 37907 6498 -7108 -3248 42292 -26934 -45969 -9970 6522 -52105 4502 -12174 17651 -5861 -26885 42650 24014 22549 21711 -7421 6961 9366 19366 4679 33318 -1266 -15943 53372 12548 -5126 4796 26307 -33718 -15163 -22368 -11567 18205 -53261 -72248 -27064 7957 43308 -22161 25618 -42684 31221 25473
30011 -30405 -24893 -34476 12917 -56897 13324 -8984 28938 34972 30295 66464 -32853 2739 30352 58539 -29511 48945 -22639 16202 38971 -6579 25784 13046 26056 1302 10806 -11578 34197 22456 -5249 -7576 -30769 35 -15048 24819 -79729 10524 -19020 22133 79057 -2396 -21946 -50569 32604 56267 8991 12793 -16417 -47021 11362 -41268 -7659 5560 2851 29924 -12705 15411 -5031 27385 -9034 -976 -41551 21727 43526 -57062 -41591 34836 69399 42554 35511 -42818 -34170 -28840 86393 61421 34796 -1483 37681 16384 12830 10383 -36743 -55364 -2549 -15856 32985 -10841 37832 27230 10513 4178 -27077 56330 -2195 -3510 14149 -24511 -30416 16962
-5326 -46729 -19685 2291 -54273 14289 55751 10435 50500 74877 47249 9968 -12322 13870 19792 6940 44249 8426 -26446 -32598 -14859 21401 3445 8486 3201 45744 32491 15056 -36213 25521 -71989 -7412 -3073 19710 -26669 -10270 52023 -30764 37163 42700 -969 -8802 18567 -66046 11060 15774 -1203 2953 13644 10400 204 -39197 37897 23984 24995 102754 392 17062 40911 -41485 -11832 23512 -9224 59852 -21287 -16483 -5293 33334 11085 -55694 11272 -1738 -4228 27076 -29679 75991 4344 -35508 5854 -5801 42204 -4061 -23026 -7938 -61744 9718 -44177 4547 27117 -11173 -58330 -28386 8317 17117 17608 -19033 -33798 -1635 45314 -26823
-13149 6090 -12171 28956 -65461 53993 -11098 -24907 -9499 75710 -35381 20329 -12851 -30397 -12870 -17274 20789 15556 -23607 17745 28783 82804 -488 -7716 15120 6419 20730 10989 -29297 -10896 -83153 67561 23082 -29336 -35317 6662 -102 -54793 -26004 -63080 43509 39793 10206 -11828 -46495 -9871 18766 32549 -3983 3183 -5748 9501 4603 -84589 57370 -34155 -24295 -7847 2625 30921 43173 -5683 38991 7717 79202 2913 -27420 -33457 22646 -12810 15515 13879 -9113 -30888 -35176 -51863 -9369 -67983 17481 -50571 37053 -6124 20655 -45562 9530 -28560 -22621 20171 14291 -55571 21978 -20192 -41666 -4391 -9571 32912 -9779 -51764 -41410 -45283
12913 -34041 3587 -23345 25515 -18203 32921 -14354 27045 -98154 -18808 46617 -48080 60115 -8584 -43428 65174 -36712 6420 31617 29268 -18552 9713 17306 -55119 -18695 20419 -207 61336 45651 -30704 -222 -41350 -39380 11358 -1528 -13894 36294 41256 2575 -36785 -35745 -46526 50086 -4775 -18014 58755 -22213 -18503 15526 40345 31079 33827 30311 15785 7631 -6800 -7397 42148 7974 40386 -13928 -41787 -2105 89794 -4080 -40566 69885 -12419 23823 -23557 -13483 -5719 -36325 31466 16810 -38000 5905 -27645 77958 -43552 -5274 26183 25850 -34593 5314 4111 12337 34130 -43492 -60774 -70252 3934 -1438 3981 -4840 3037 15469 39555 28234
-26800 -3949 -22958 47433 38011 36115 -63719 41234 -17689 -13532 13709 -10416 -469 7524 -67438 7702 -14770 4487 27764 17160 21167 29817 -1332 17646 28175 33214 41745 -31615 -31858 6790 29462 35467 80681 46412 19630 -75541 33839 -34967 -44537 -8474 -37086 20955 -4651 34457 36604 14668 35774 -36980 -3092 -33187 -64518 -57025 21296 -36283 -45100 -23932 -35125 -75935 -19320 26928 13355 6942 -32742 -36723 56037 -26923 20480 -16159 39192 -14291 -35069 47497 25917 -28803 17240 25866 45710 -31222 -12731 -22145 -17925 -15705 -27230 48249 -6359 -24520 -35594 -8855 63077 -27095 -49379 5420 67681 -23307 -1483 197 4874 -24833 21235 10641
30175 19718 20540 38488 5086 -3616 3138 66935 18887 19029 66686 20005 -45408 31530 17054 63506 52 24353 -13598 -26061 64453 -26487 11775 65437 -1045 -10231 -7483 -23893 35771 -30281 -4005 -80299 34678 21692 51278 10842 -19434 14811 -25057 12709 16050 -14201 22366 19108 12054 -29488 -47545 41094 14794 52327 -35478 26973 -7601 -26921 -33658 -20366 -35127 9610 -54351 26766 -2076 38636 -14294 -40174 7365 -25349 8531 6995 35832 94557 26317 21322 29477 32421 -13326 38822 -40675 -24046 -22628 20754 -66508 -12711 -52956 -17334 -8444 14590 -37087 -49168 27265 -23629 -22603 -52407 29566 -7040 -38735 18261 9441 25057 47470 11531
30121 20064 57658 30850 -6065 21801 87642 8688 4710 8775 6050 -17578 -32476 2416 14333 -37922 45295 -16344 10966 67571 -6475 5722 -31458 9400 -49822 -9560 10631 -76079 5228 -15551 7002 19250 -9938 -474 20687 16919 -4272 76765 24897 -23810 17129 -10965 28363 47184 -15751 -39867 -11352 22428 -51216 -61659 -37453 -6134 50399 -18378 -21733 -6444 5988 -40413 -14143 37354 -541 -27220 -2819 32486 -44120 -50809 -40778 59275 -22656 24920 -55983 4647 1473 9313 17686 -6005 -2894 62395 -20649 19924 -4013 -82633 34271 -41617 -4294 13864 -10932 24267 40743 53600 14267 16627 -17168 -5829 -19651 -33432 -36296 -56750 -29415 22752
3937 -38872 -39073 21968 -2173 -48727 3317 15306 3112 -66251 80977 -40067 -6429 8261 12604 29743 -7750 2559 -5375 61257 6117 5116 2428 -12122 12176 32464 1071 -17276 -13844 16184 -21922 -22378 -25299 8028 -19506 35454 26632 60856 -26024 -2541 4644 18520 43364 -83407 21040 6167 -32521 -4798 -33208 -4775 6511 -18676 -5894 -2566 -4110 36213 -37457 6504 5217 -13110 -11271 55577 483 -64253 62527 -19259 54585 60924 38487 -61495 39092 442 -51141 5842 8911 -55062 49959 19486 -7369 22518 -35759 19833 -38450 37977 14161 27487 -49950 -25780 -5622 27408 42976 3610 25495 -12628 33035 25390 -2093 -5761 12794 37290
-56610 -49407 -44403 23509 32004 18646 4617 -30759 8149 34232 -36553 10430 -31275 -3404 -18042 -31864 -18523 -6048 32804 -13853 -23406 59769 -29558 48217 -26294 -12684 58044 51166 13121 11471 24172 7248 85858 54719 -15682 43763 50542 -10212 69046 -5128 -21042 30114 -45978 19726 -883 69955 14177 -359 -8514 -40740 -10312 16249 -45026 -11063 23 -66993 -69400 10149 1066 -36008 40465 -88911 -189 16964 7493 -41742 -5360 -3998 -44021 -22317 40194 13512 -26205 -5112 11376 -11312 10052 -6788 20664 -17675 -29326 -2131 15036 -12839 3878 -21230 -14891 -23336 -36299 -52436 -41123 12305 -11887 -32179 -23073 14492 -46920 -18969 39357 -3569
21433 17124 -38340 -10056 50977 38017 -32847 -17528 -759 20616 -42478 25728 40790 4794 -65777 17860 7514 17109 11433 -13997 3133 5752 -24919 38255 -24490 8684 23509 -16808 -14223 -48924 -23510 -12904 -14975 20901 -17192 36514 -14354 -40335 -9065 69490 -17827 -5491 19920 54507 17734 -17636 3260 -2337 37614 3710 3912 7437 17284 -21800 4993 -33193 10036 27364 52418 746 75111 25739 17018 20004 -5245 -36657 -40406 -14294 -18239 20575 29413 19032 30032 19889 -72419 62728 -20996 -59140 -13950 33093 -28329 13872 -24697 -39110 -10435 364 31723 2002 -10209 -8517 -24780 48090 47800 -10059 16334 32841 -45667 76573 -28603 -20871
-23236 59049 41029 20283 -6422 -26367 20666 75548 -9320 49084 -27138 28008 6033 22812 21453 -23567 3532 -11990 28590 -9440 -30374 -27582 -51790 31994 -67324 -58801 14940 36367 50684 7001 64154 -58683 22940 50813 18119 -22267 40805 23627 7883 29205 5450 -20570 -50607 32387 13373 -23636 -461 38377 -30142 36950 -18245 30217 -35161 -19207 -40845 10830 7203 -6208 7707 -1051 18141 -21388 -9301 23868 -17797 -21053 -31976 -41857 -36385 35899 -2558 20692 74139 -23912 -34655 26565 -48512 -40196 -35689 -40715 -32120 17926 -5475 -41636 9551 -36378 -45873 -39096 -42440 27233 -20547 -16761 6240 12783 23421 -1242 4990 -10664 12088 29299
-60487 -25260 8145 32880 -34932 -515 7384 26628 -14740 -2134 40316 -15325 -23391 25375 1393 -24860 79 -32951 45936 49529 -11918 -8315 -35294 -31116 -21712 60813 -48185 7524 -13406 1859 12501 22033 56895 -64038 13073 58269 45658 10158 55940 33804 -13421 -18446 64211 16985 -37525 51271 14787 -36615 632 20283 -75018 -22872 -14699 -73910 -13422 23175 34839 -21429 -31931 36223 9997 -27076 15111 -57211 -6767 -11898 -61817 -26355 33638 -20442 -27791 23660 -32776 9331 43568 -60199 -44997 -53166 -53820 -16093 -19453 -305 -26447 -17199 -34778 45483 -45282 -3759 -84971 46478 -29694 -9216 30972 49229 43936 -551 22396 4575 26801 -9510
-58411 -45846 -51382 -39436 -71670 -45838 20122 -5777 29016 26743 50187 -22052 27551 1365 24807 -9392 2909 42988 -61581 -21837 -13491 60298 -32571 10994 -24558 36235 -46449 -23991 -4406 48578 -39820 -13651 7225 46193 -6258 567 30756 2351 23688 808 -16132 -13851 -7164 23630 43502 26414 27299 -9659 -31399 -34209 -46198 -14995 -5306 -33450 52183 7964 42135 3752 25726 -28368 32868 73455 8324 51278 -20534 -2147 -5981 -16255 -10422 -10518 79839 8070 -36268 19308 54724 61754 18742 36241 -21228 -13617 -3675 11192 18216 -42159 42913 -17974 -64807 1586 -32161 -21840 -18383 69288 -5544 -19790 -62621 -3269 15202 64960 -340 -57332
-2997 -26402 -19361 12729 -43611 619 -11128 -22476 -2379 -18423 13027 16332 -30244 -27265 -24850 25902 38339 -55531 22191 -43315 -5749 5957 -34290 -53824 -28638 5118 -4428 28823 31751 -18846 8204 -17618 -26323 -7602 15980 -10631 25773 -15798 3064 37368 26497 -36835 19429 12769 -1984 -3510 29783 -27471 36844 1605 37496 15989 -29548 -16125 -56728 30305 13312 -25085 28146 22150 193 18384 9515 -5477 2716 29909 -38544 19203 21700 33064 -21241 -16777 -8680 -6041 -53254 42814 -37936 -71935 -48709 42178 -8372 -49695 -40188 -26700 4484 -563 -43813 -51853 12121 -14989 9534 -49264 -21064 69310 944 -21287 -17227 45352 -26507 -26414
